180
470
143
406
279
427
66
416
142
106
488
227
496
36
330
52
382
407
302
130
8
55
146
50
404
332
269
379
84
458
237
24
377
363
1
362
311
324
129
429
434
345
67
493
92
463
327
135
259
69
213
445
218
57
457
238
161
102
449
342
393
191
497
186
381
431
58
486
334
340
60
268
51
214
280
64
205
479
347
400
413
35
103
264
394
222
336
124
181
229
283
317
14
346
95
173
369
372
452
43
455
27
262
93
351
402
320
472
91
420
290
34
298
315
398
389
257
25
160
373
487
17
115
169
348
80
99
183
408
295
26
224
366
386
239
260
412
388
357
368
251
150
7
328
184
383
469
196
182
76
162
5
137
155
178
329
206
31
149
425
390
197
207
308
73
250
118
108
359
411
78
498
172
399
289
370
465
32
483
75
177
344
448
286
49
276
447
147
62
71
86
392
297
461
440
21
375
439
228
494
83
220
430
211
374
2
464
288
210
37
70
6
216
127
141
476
358
153
134
419
299
433
234
235
13
221
39
45
274
471
325
436
337
356
131
217
480
243
117
140
40
145
453
242
485
168
53
19
343
254
208
491
109
285
15
151
305
192
107
397
415
474
230
164
418
450
236
249
333
331
265
38
478
156
0
209
462
113
417
318
365
428
442
116
367
296
79
240
190
85
482
314
22
3
104
277
199
175
61
33
284
313
136
212
322
72
194
163
278
391
423
165
275
159
202
47
248
306
321
10
349
309
444
473
310
56
353
422
203
198
166
30
378
81
188
28
364
252
282
256
90
468
451
121
316
338
409
144
281
65
133
312
11
410
4
122
110
403
438
167
387
233
401
396
126
16
490
48
89
414
138
215
123
204
421
454
152
68
87
46
323
475
489
424
354
244
139
174
97
341
77
319
170
232
304
112
100
253
271
226
352
154
23
185
326
484
96
120
263
456
63
94
54
267
148
246
225
481
266
287
74
42
270
245
441
292
132
355
460
361
255
291
158
339
171
258
201
179
128
459
111
59
477
446
187
29
495
200
20
125
300
301
44
195
466
98
371
219
426
88
105
467
12
18
335
119
499
9
376
432
293
492
114
350
273
303
307
294
405
261
443
241
157
101
360
247
385
435
189
193
380
437
384
395
231
272
176
41
223
82
