180
569
855
574
827
406
705
416
932
106
511
227
36
918
519
970
407
130
8
543
146
605
976
332
975
269
84
458
237
702
510
24
377
694
969
363
804
1
362
639
887
324
129
622
604
434
896
345
67
493
92
718
894
913
909
668
865
213
69
218
457
161
798
601
651
784
521
832
698
808
381
486
809
334
340
268
583
214
479
700
833
400
984
103
35
222
725
553
992
346
693
653
173
369
372
452
43
776
27
597
747
617
402
472
629
91
420
34
547
315
614
389
398
848
25
373
115
988
580
348
80
869
659
649
183
408
978
295
765
811
710
366
386
868
412
667
357
368
954
764
687
7
726
328
184
383
196
564
76
162
137
155
680
669
206
503
781
149
390
207
73
608
514
118
108
359
721
172
498
399
289
917
652
529
465
32
570
177
448
657
507
62
875
86
790
850
852
647
942
931
21
439
228
777
220
374
506
772
633
2
577
535
588
794
603
536
6
216
839
141
882
358
508
134
921
419
528
234
995
748
235
13
859
559
576
573
221
39
509
274
471
642
325
131
616
912
217
480
243
546
140
904
242
485
847
53
662
526
641
786
835
728
15
192
516
672
950
876
504
397
415
712
899
540
828
450
236
692
249
331
265
982
478
156
867
0
462
417
318
602
981
116
367
79
645
787
916
591
190
819
482
846
737
314
717
849
3
727
277
974
945
33
656
724
322
72
795
278
860
557
391
606
760
423
766
275
938
202
842
47
501
321
10
706
933
889
444
473
422
353
203
166
684
378
695
961
612
704
188
252
619
256
468
644
914
338
740
985
409
906
697
144
986
719
948
741
11
873
800
937
122
438
167
387
919
966
857
126
16
48
89
414
138
215
421
689
68
323
489
691
782
688
244
544
139
596
660
955
341
77
563
826
170
584
923
304
891
624
100
791
545
502
792
821
773
897
326
484
886
263
745
539
94
54
844
735
999
246
774
632
266
757
481
287
963
270
767
245
881
716
674
132
361
956
291
339
258
201
179
623
533
128
877
793
495
200
911
20
300
44
466
371
219
426
625
990
650
796
634
822
18
119
558
9
628
750
806
723
730
731
273
303
307
294
405
739
443
101
385
380
743
437
384
957
395
797
272
802
991
176
878
841
883
805
713
783
470
973
143
279
836
592
427
66
666
902
890
142
671
488
496
330
52
733
941
382
302
709
562
55
50
910
404
513
379
996
951
946
752
311
926
429
908
884
463
327
135
259
820
989
445
699
57
823
238
102
621
449
940
714
599
342
898
393
520
191
497
186
579
676
431
58
60
746
51
655
525
799
280
64
347
205
817
572
736
901
413
977
620
264
613
556
394
541
336
771
124
181
283
229
317
14
759
812
95
518
840
581
455
262
93
351
711
636
640
320
522
290
298
853
753
701
930
257
160
487
17
807
683
169
968
768
578
99
830
960
677
586
26
224
958
239
260
934
837
900
607
550
670
388
531
661
251
885
947
920
150
789
585
843
643
552
469
542
182
5
770
537
178
329
927
31
915
425
845
566
197
308
250
987
549
505
411
517
78
370
761
483
949
560
75
344
565
286
49
276
447
825
147
71
654
392
461
551
297
440
681
658
375
515
494
83
854
430
211
870
665
464
210
288
37
762
763
755
70
673
587
127
476
936
153
679
433
299
631
754
939
45
785
436
337
356
598
758
708
983
685
117
40
778
998
145
453
168
834
19
997
994
749
343
742
254
971
872
208
491
285
109
618
964
151
305
962
527
107
474
922
230
818
164
418
611
333
589
696
703
38
979
775
943
816
993
980
209
113
866
907
365
682
428
442
575
851
296
500
751
635
240
595
892
85
594
571
22
861
593
715
104
199
175
738
61
824
524
284
313
136
212
194
163
801
893
165
159
248
306
582
627
663
349
309
534
929
903
56
310
567
198
637
30
953
81
734
530
364
28
282
451
90
121
316
281
924
65
133
312
410
4
110
403
838
233
401
967
396
490
788
123
858
204
561
895
454
905
152
864
87
46
935
475
648
756
424
354
554
871
174
97
678
690
319
555
232
600
548
112
590
610
972
253
271
226
352
154
23
185
96
120
863
626
456
63
856
888
267
686
815
148
664
779
225
74
42
538
831
928
441
732
292
675
355
460
255
158
171
459
512
720
111
59
477
446
187
29
780
568
707
874
769
532
814
125
879
925
301
810
803
862
195
98
88
105
813
959
467
12
335
523
744
499
432
376
293
492
114
350
729
944
261
241
609
157
360
247
646
965
435
880
189
193
829
952
231
722
41
630
223
82
638
615
