180
569
574
406
416
106
511
227
36
519
407
130
8
543
146
605
332
269
84
458
237
510
24
377
694
363
1
362
639
324
129
622
604
434
345
493
67
92
668
213
69
218
457
161
601
651
521
381
698
486
334
340
268
583
214
479
400
35
103
222
553
346
693
653
173
369
372
452
43
27
597
617
402
472
629
91
420
34
547
315
614
389
398
25
373
115
580
348
80
659
649
183
408
295
386
366
412
667
357
368
687
7
328
184
383
196
564
76
162
137
155
680
669
206
503
149
390
207
73
608
514
118
108
359
172
498
399
289
652
529
465
32
570
177
448
657
507
62
86
647
21
439
228
220
374
506
2
633
577
535
588
603
536
6
216
141
358
508
134
419
234
528
235
13
559
576
573
221
39
509
274
642
471
325
131
616
217
480
243
546
140
242
485
53
662
526
641
15
192
516
672
504
397
415
540
450
236
249
692
331
265
478
156
0
462
417
602
318
116
367
79
645
591
190
482
314
3
277
33
656
322
72
278
557
606
391
423
275
202
47
501
321
10
444
473
422
353
203
166
684
378
695
612
188
252
619
256
468
644
338
409
697
144
11
122
438
167
387
126
16
48
89
414
138
215
421
689
68
323
489
691
688
244
544
139
596
660
341
77
563
170
584
304
624
100
545
502
326
484
263
539
94
54
246
632
481
266
287
270
245
674
132
361
291
339
258
201
179
623
128
533
495
200
20
300
44
466
371
219
426
625
650
634
18
119
558
9
628
273
303
307
294
405
443
101
385
380
437
384
395
272
176
470
143
279
427
592
66
666
142
671
488
496
330
52
382
302
562
55
50
404
513
379
311
429
463
327
135
259
445
699
57
238
621
102
449
599
342
393
191
520
497
186
579
431
676
58
60
51
655
525
280
64
205
347
572
413
620
613
394
556
264
541
336
124
181
283
229
317
14
95
518
581
455
262
93
351
636
640
522
320
290
298
257
160
487
17
683
169
578
99
677
586
224
26
239
260
607
670
550
531
388
661
251
150
585
643
552
469
542
182
5
537
178
329
31
425
566
197
308
250
549
505
411
517
78
370
483
560
75
344
565
286
49
276
147
447
71
654
392
461
551
681
440
297
658
375
515
494
83
430
211
665
464
288
210
37
70
673
587
127
476
153
679
299
433
631
45
436
337
356
598
685
117
40
145
453
168
19
343
254
208
491
285
618
109
151
305
107
527
474
230
418
164
611
333
589
696
38
209
113
365
682
428
575
442
296
500
635
240
595
594
85
571
22
593
104
199
175
61
524
284
313
136
212
194
163
165
159
248
306
582
627
663
349
309
534
56
310
567
198
637
30
81
530
364
28
282
451
90
121
316
281
65
133
312
410
4
110
403
233
401
396
490
123
204
561
454
152
87
46
648
475
424
354
554
174
97
678
690
319
555
232
600
112
548
590
610
253
271
226
352
154
185
23
96
120
626
456
63
267
686
148
664
225
74
42
538
441
675
292
355
460
255
158
171
459
512
111
59
477
446
187
29
568
532
125
301
195
98
88
105
467
12
335
523
499
432
376
293
492
114
350
261
241
609
157
360
247
646
435
189
193
231
41
630
223
82
638
615
