17
86
52
141
133
15
44
66
25
139
73
96
4
5
117
16
45
106
60
38
35
95
34
135
26
63
82
101
27
84
100
113
59
13
148
151
94
19
114
131
125
81
91
71
72
46
93
149
98
7
112
85
68
79
111
122
75
143
50
115
146
9
76
124
36
87
41
121
140
90
21
62
123
88
11
89
64
138
108
78
18
109
152
70
2
29
57
104
105
110
56
54
0
83
132
97
51
3
119
74
8
48
120
12
47
127
153
92
61
142
40
33
116
37
118
10
23
130
53
69
103
49
102
28
154
136
134
129
39
67
65
99
14
77
32
137
6
145
147
80
107
150
155
128
42
144
43
55
58
20
22
31
126
1
24
30
