640
141
1476
686
2994
15
173
1923
1094
1274
158
668
1417
2578
327
1116
1764
2639
3041
1871
2148
210
1290
175
3348
3423
1865
38
2028
1920
2226
1179
2279
2408
3131
2348
2678
1111
331
1364
2562
747
1783
1228
903
870
1879
1308
3578
2077
947
1309
2461
1512
2982
684
2410
3218
3565
131
2100
1860
3267
1474
218
1208
237
1701
2697
3092
1577
2176
3527
2654
2182
555
3542
171
753
3431
1185
1448
849
617
503
1478
2104
1017
2479
571
404
2062
536
665
3353
644
124
3400
847
939
2525
3050
462
408
1544
1894
890
3320
1905
3610
492
2755
1875
3177
2618
2909
2869
3595
1284
1338
1633
1707
772
2041
2145
277
109
2523
1599
681
160
803
3036
3064
1461
2720
1816
485
1239
3458
2242
223
1353
1814
2097
823
110
1046
1115
1770
995
994
713
3559
836
83
1312
1641
1806
1862
97
1521
3534
1662
1915
1954
3605
1315
2037
2652
722
1612
2669
687
3597
3311
3122
1998
1629
3164
2817
3239
552
2140
682
1637
1907
806
1344
3535
3062
3358
2905
3335
3295
845
2559
1952
309
2257
693
154
1815
1559
1162
3140
2346
850
919
3329
1117
1356
2195
3103
3289
1859
437
65
618
1742
1602
1673
2126
1788
672
1906
709
150
107
841
1565
55
3085
3238
3367
3465
489
126
650
1154
1414
253
755
1321
2594
3315
2299
2601
3051
2492
3102
1050
52
2941
1953
612
133
217
483
465
1763
2165
3097
300
669
3508
2616
2704
2151
518
1791
1606
96
432
1092
2949
1025
3347
1489
1799
1993
1773
1132
609
739
826
740
1499
422
3318
3382
101
908
380
168
3227
3600
562
1836
3252
3307
2955
724
1198
706
1349
1561
1903
2783
3261
838
759
2841
2094
1997
2902
2489
3235
339
3251
625
2161
2485
2364
2421
468
1644
3209
2329
1432
2882
2713
1704
1882
2219
2625
1588
2773
1415
1546
3276
2749
2997
1351
2281
2475
1724
901
3543
2527
583
675
3257
1177
266
673
1685
2044
2245
2781
1168
2229
2318
3073
1441
62
475
1251
1969
1455
3068
3359
589
440
1700
3104
786
1203
1291
3399
1122
3561
810
1600
2232
2310
2551
2020
2351
2287
57
2684
3374
1401
1589
752
1260
2303
2727
2238
3606
2319
2029
242
1165
944
1064
51
3369
1525
1834
1163
3224
1961
1636
3287
209
1078
2307
2320
716
2221
3236
3283
1839
1466
228
2080
3580
2133
2510
3216
491
1124
3546
1446
1628
566
3223
1107
1221
2254
2071
400
426
2991
2978
874
49
3486
2831
136
3608
993
699
2715
3314
3519
14
3111
2688
3301
1872
378
3017
2517
3219
3149
822
128
1985
144
563
1254
2520
3554
1174
1360
3207
353
623
1153
1283
1420
1793
2803
888
606
449
559
2782
1402
633
2438
86
1646
2427
1856
1902
1986
1088
2134
2181
636
3334
610
642
2500
2531
354
3462
1249
261
805
179
2584
807
16
2716
1822
2168
2617
839
504
1982
3591
328
3048
1372
2570
1574
3317
2788
570
2373
1006
1148
2033
2411
1825
2565
1562
267
782
1514
1507
1015
2248
792
1114
2844
1779
1326
1837
1457
3473
3531
2308
576
1009
332
1661
1714
1243
2785
3294
3502
3225
2880
316
1403
3244
2514
122
2334
1999
3270
2685
3404
3436
3370
976
3184
2760
3340
737
931
1166
963
3009
3129
3393
1385
2003
295
1201
3136
152
1295
1486
3212
2302
1948
1812
3197
3582
2367
2
1004
2890
3232
1578
3396
3457
3018
2916
3125
2382
214
251
1433
256
3254
1186
645
3
1292
3310
1313
2628
3286
2240
1728
3222
2337
2588
1929
2676
3484
1941
2114
2519
3308
1663
1831
1912
3384
2400
904
3517
542
1178
2518
2665
654
130
1789
2537
3226
103
764
1248
1792
2897
1120
2478
1711
3466
3118
1635
3325
2623
32
1684
3132
978
1848
3077
586
2243
714
1063
819
356
505
188
2286
42
2736
1263
1400
984
2123
938
20
1002
1934
3596
2331
2379
1343
1005
172
3537
1712
2294
1669
1590
1795
1976
3422
1191
1518
3007
2650
1817
769
213
1381
2261
2526
1665
2212
2117
2381
435
1802
3206
1324
2343
139
2179
2249
1320
2963
2838
1901
3191
2013
2633
828
165
1175
2771
206
1080
3303
1169
3392
3147
797
607
884
381
100
3277
59
148
3569
473
3128
3026
1938
2649
3158
3485
2366
3015
114
785
883
729
3461
81
1384
3020
3524
1847
3586
3088
479
3403
68
2989
3579
624
2264
2002
2846
1780
2295
1900
1609
2945
943
2906
402
1955
183
451
1568
2856
3188
1409
1583
1921
2735
969
2865
1979
482
3592
2007
2666
754
1884
346
981
3598
208
257
892
1769
2203
2872
3215
1022
2422
3163
842
3273
2724
3365
528
2786
3414
2091
2542
1647
2131
2480
310
167
2544
982
3263
1110
1425
1502
2439
297
3112
2710
313
2756
1264
2886
3471
2107
248
2043
2074
875
3470
1267
40
2602
1442
37
1543
3098
2894
3033
1272
3231
3490
1048
1943
597
2445
455
2754
2163
2086
3205
2443
638
2529
2236
2498
1288
1932
3229
2128
1730
2188
99
620
2076
1052
1726
156
1104
163
2750
895
1686
2124
974
2051
2695
626
1214
1314
189
1928
1950
761
1108
2637
3498
3513
1539
1782
2397
832
2811
2449
3056
44
3100
3214
2568
236
1515
748
3451
746
795
396
768
1696
3441
3604
1718
340
2745
2102
1826
2504
3119
368
648
577
1529
2378
2468
2804
661
1917
3043
921
247
1610
464
738
1210
3054
604
3568
646
1989
997
1456
1465
1657
846
1656
2647
1142
2589
2910
601
2580
477
711
3066
705
2698
3453
2060
2622
1771
1113
2693
3272
2657
3011
1387
2549
667
1777
1479
1501
1151
1719
1481
3601
831
1008
1852
2766
3313
743
1697
580
1377
1620
2850
2276
1484
1396
3362
575
1978
3548
538
758
2156
226
291
2146
2522
2052
2305
2900
2068
1509
1910
1298
18
814
3360
692
1490
3550
239
2970
2324
1187
2170
1426
1962
2384
1138
1936
1450
2816
370
1091
415
1386
2335
2340
1618
1740
1302
1861
676
783
1517
1550
3438
8
2801
990
1161
322
1041
320
1786
1995
1758
798
1570
2503
92
3156
2326
2814
2969
2103
968
1598
2579
2874
2889
23
1899
703
3503
945
2530
2543
438
1614
77
2873
3253
3012
216
1317
2136
3476
2812
2587
2834
970
1893
3181
3113
2648
31
2024
2538
1354
2230
657
2213
1067
543
1462
787
1605
1709
3467
794
3247
1560
1244
2832
1065
2935
1404
2960
1650
2494
3240
2977
3189
454
4
3304
2673
458
1077
1988
767
2599
2860
2577
301
3433
1392
164
293
3589
960
1141
1330
290
2571
1510
1676
1268
3237
2966
932
3285
3005
386
199
964
1285
151
2911
858
287
2469
2487
125
1864
2597
2985
3316
2564
493
882
2474
1582
1246
2877
2863
149
1327
3288
3198
2435
1216
423
691
3406
3448
1667
853
2643
3259
3581
2898
406
1304
2731
2833
1500
1482
2352
885
170
2282
2566
2964
3599
1126
1380
3491
2825
1373
1674
282
1853
2556
1587
1895
1584
315
387
1731
1844
1973
2092
3571
593
2763
447
3389
88
1027
1675
2732
78
3281
871
3175
2664
401
3159
1746
1930
2972
502
1537
745
1445
2546
3060
1683
105
2739
342
616
1033
1439
1358
3388
3590
3114
550
3099
1942
231
3305
2283
3013
436
294
651
389
962
3110
725
3133
3326
1112
229
1619
47
1681
367
1768
2390
2988
153
1911
3410
3507
3532
3533
811
3447
2573
3324
1278
2634
3454
1440
1233
53
1572
3058
1692
69
3302
28
553
2992
1497
2696
3016
3107
2155
2039
1147
2975
2711
2809
3221
3280
1471
2653
1444
1622
2722
2521
3416
1649
622
1784
1180
1224
1573
2824
3344
3562
3000
1271
2004
708
3614
1699
2813
2304
2791
3530
1804
851
1881
2355
848
991
3544
2087
770
1549
2996
1135
2190
1679
416
1828
323
1975
481
2143
2388
2528
2734
2298
1729
3144
35
2415
3208
34
2174
2472
3512
1443
3204
3420
3556
1043
3549
1994
1811
2592
2011
3154
3179
13
3560
1586
1164
549
3609
2105
1593
1820
94
314
1535
3558
1850
274
1890
2141
3419
2223
2567
912
1031
2847
72
2867
1530
2958
1252
1851
2554
2655
843
3487
3570
840
560
2938
3192
430
2893
3148
2432
1504
2040
469
652
2008
2721
1220
2375
2535
2903
2258
2875
2681
3426
1226
1996
1021
41
2558
2679
3115
1717
3510
2780
2066
859
615
1328
2263
2852
1236
1378
975
2083
1666
2600
2993
977
1040
1098
2476
726
1703
2738
1333
2387
3075
2836
3411
193
1640
1061
1946
3306
3408
399
2224
3494
2926
2446
539
1485
2125
2178
1011
2395
232
1672
1966
3217
821
1434
3296
3437
816
1342
621
1058
1727
1916
2241
1566
957
2871
500
2171
719
2694
2369
365
736
2765
2723
345
431
865
1059
3211
1775
3506
3460
511
1121
535
955
1688
635
631
1951
448
2855
656
3021
2088
3190
2560
3523
2477
2101
1757
2409
347
2778
1355
2827
1682
1800
1286
58
1877
886
2271
1300
1014
1767
569
1913
2072
2574
521
1698
2810
2659
1412
561
3478
894
1086
2919
1722
1123
1053
2110
3047
547
1253
1407
2807
1551
3070
1225
2484
2885
1447
1261
808
2835
2270
2234
499
820
2239
551
565
1516
529
1075
1927
2089
2259
2398
2569
2987
765
2349
286
1840
2016
2116
2497
1182
2081
1721
1044
3469
71
3121
3488
93
710
3427
1429
303
1472
930
1070
2231
1761
685
3522
3135
2501
2888
490
2316
3397
202
2090
2513
602
2025
2211
3572
2776
3350
143
1037
506
1819
730
526
3032
732
36
187
2360
2957
2973
3046
902
1255
2456
2073
225
338
2050
2055
2293
2740
2943
123
861
89
979
2015
2891
774
234
1332
3022
1785
212
3079
2631
1564
3468
1238
3139
1513
1887
2106
2687
619
2315
3525
2064
3019
3603
2603
887
3297
695
680
1919
3072
1597
371
3168
688
698
1146
1024
3545
1371
592
3076
3124
951
429
2108
1523
1049
319
1301
2018
2036
2192
2135
2431
2820
2149
180
2614
3386
1642
588
1981
1156
2193
897
2692
966
1106
1904
3146
3037
2288
2918
815
2467
852
1459
1073
1464
2275
3376
1145
384
321
3258
147
2139
1604
578
495
397
2289
3298
3260
24
3008
2429
1790
30
207
1519
3475
1424
598
2402
3004
244
2057
2953
3514
5
117
1473
419
3563
60
2690
194
834
2859
1926
3412
2393
1391
3495
1237
573
647
514
113
215
3082
2762
1281
2495
594
2317
3010
1505
2183
3501
1405
1047
1293
3425
221
270
992
2486
2536
2297
2797
176
2742
2895
869
1555
1532
3516
1139
989
1036
1001
927
2753
2442
1576
707
2061
409
965
2272
1750
7
2610
3455
1596
296
3183
1648
2413
629
671
3024
1159
2512
2548
3130
2419
2848
683
50
579
2021
9
269
1188
2300
2971
1213
1102
2552
227
3357
1018
2451
2009
3574
2256
854
3268
1725
501
108
2672
203
1810
2159
2414
2768
2218
3439
1621
1968
3246
2944
2638
948
1205
585
428
2998
721
2070
614
1458
2313
3106
132
3547
379
1430
568
2200
628
2920
2412
2209
2796
582
2322
1937
2726
3194
3611
3479
1410
914
349
1202
2396
2864
1325
3594
1885
2455
735
1467
1898
2793
383
405
358
2923
1735
472
2686
2499
2733
6
1297
778
3583
155
2758
260
2674
2166
3401
414
513
417
637
1824
1242
3432
2457
17
2482
3440
715
2983
1062
2157
2268
2184
2917
2939
2372
3150
3250
3612
655
2671
3242
220
2175
891
1617
288
161
510
2153
2915
863
3180
3262
2115
1335
3375
556
1336
444
1970
2458
3071
3385
3500
694
1365
1217
2082
809
1838
1992
2278
1105
784
337
1889
1813
3330
1592
2273
1167
1435
971
2725
46
1796
1924
1363
704
2233
2675
112
600
1262
442
2098
1671
2700
1095
3290
1670
762
3074
1137
1183
474
2424
2752
1072
325
1427
341
1624
1866
2341
2707
284
3405
140
1855
2059
3134
2714
3094
664
1959
2434
946
357
460
1066
1833
1310
1190
1030
1003
2861
3049
3108
3312
201
3552
1389
1421
1832
2217
3322
1369
335
361
2806
2017
1545
554
3336
273
2646
1896
3339
29
178
1340
958
741
2069
727
545
1503
2038
2208
2581
1085
1277
813
186
390
2481
2777
1172
905
2940
941
3083
2142
867
2540
909
1687
2759
2452
1437
2937
1204
1416
756
1511
1776
1125
3278
3331
348
1623
2085
1914
1829
790
2374
1056
1068
917
1694
3186
1082
2621
2896
412
980
1643
2980
1778
388
1888
1964
137
410
1118
360
1540
3371
2635
1558
3220
558
2545
1891
43
3057
1266
3415
2550
1359
833
1376
2194
1
1787
1140
760
940
2979
292
3185
249
1528
1374
630
2962
198
855
2967
3464
238
2448
2974
548
3170
3039
2012
3241
45
2572
742
2866
2330
3028
2818
670
1045
1922
3429
522
424
1658
1918
445
84
3444
2990
278
1765
2198
1801
2662
446
1155
3145
3195
1081
2948
2047
2201
2670
3434
3291
988
881
1273
2851
789
937
2465
2575
2928
2312
2924
3428
2327
2363
775
1034
2368
1093
498
780
2377
3006
913
587
3001
2338
3319
79
1977
2437
634
2524
1625
3052
3172
658
3417
1192
2450
2416
2870
1533
1463
2789
3509
3203
2177
1133
2309
3381
844
1743
3213
457
3372
733
2227
3265
174
453
3142
877
487
2199
2356
1567
567
3271
1830
1477
2169
2253
1760
3413
540
519
793
1276
1334
866
985
2541
3387
2152
191
3029
1738
351
3613
2350
674
2385
2931
773
2563
2228
922
1130
2441
2473
2023
1491
2093
3398
443
56
268
2604
796
825
1542
3096
3069
2111
467
3282
666
779
599
2965
541
3042
1265
1399
3443
1857
2779
2099
2386
2737
2800
3489
1747
1460
2849
2323
2010
3093
1613
1925
1965
205
581
868
1259
2471
2453
2290
1508
2215
67
983
1874
2933
2130
2821
2162
2496
3538
364
1690
720
1127
2839
2049
530
3505
169
1212
791
1581
2247
2265
2246
697
2706
450
3346
801
1571
2878
3602
395
544
2463
2591
3266
1020
1524
2344
3528
967
3105
2925
2709
311
1552
1128
3210
1136
1958
1808
827
3292
3333
3165
258
1536
663
781
3615
3109
3341
1475
2205
2757
880
1307
2539
1361
254
26
3173
728
2751
3095
82
3492
259
879
1329
1706
900
162
2701
3084
1016
1280
1289
461
2636
2828
2216
2206
3575
1316
3445
2399
241
2325
2823
1492
3201
280
377
1367
2336
2339
2362
3178
3364
2595
3378
3584
3081
1395
1739
972
2026
1974
2858
3256
478
177
723
1352
1680
3269
907
2000
802
2191
2857
1634
289
2802
800
1257
2840
2207
1933
2056
1468
2728
1541
146
76
497
996
662
2425
1827
3127
1199
933
3497
2950
211
343
1076
1346
1418
1134
1708
1498
1206
1527
1388
2173
1846
1026
1863
1331
2423
1554
2645
1100
70
2708
750
2506
413
2508
1506
2627
1753
3182
104
452
1480
926
524
2907
195
392
1241
2426
898
3078
860
1057
2210
369
3138
2383
2585
2995
1079
2808
508
119
893
2274
2405
2459
639
954
1282
3450
2065
3153
1762
953
3391
3089
196
2244
2454
3167
3564
2030
2968
118
1971
3300
1807
515
2466
1398
1880
470
2683
653
1534
584
2214
318
2220
2629
298
3496
3166
145
679
1733
255
1323
744
265
1010
2794
276
2420
2747
906
3141
2702
3539
2285
2505
1240
2630
776
344
471
2096
2961
1423
2266
1639
336
1143
2042
1631
1615
2067
66
2641
1215
1645
2677
1083
1042
999
2507
95
363
1883
2237
441
959
2952
3123
2934
856
1229
3116
3536
3480
1357
1751
678
2121
3529
1754
2186
476
1234
2922
3588
1575
3477
2914
2113
3176
1348
2311
2843
2342
2795
2189
608
91
2511
2582
2822
3541
1531
98
2345
3424
1322
1741
1580
1595
3245
3248
1488
689
986
1101
1991
1453
1654
3430
1029
889
2775
1556
3274
2853
459
1256
1659
2075
75
590
1585
375
1548
1601
1809
200
757
1069
1493
2019
1854
2147
1258
1963
2164
3338
87
121
1438
2158
2774
3055
3126
421
2555
2470
2790
2606
812
2483
2127
64
1339
1074
3091
2772
1189
2053
1957
2553
2260
2516
2332
2502
3151
3345
1227
660
2022
219
456
2719
3202
1366
2035
696
2792
1660
2144
3379
2826
1294
181
2353
2901
190
3243
1494
2202
2642
355
2730
1495
3352
2357
3402
304
1028
2058
2798
3233
763
641
915
3234
3343
33
1909
2743
749
2819
2612
2712
2899
3027
1060
2132
3155
1522
102
1569
134
2301
1032
1007
494
2491
2045
1868
1630
2430
2267
488
2598
80
690
466
574
3090
307
411
262
376
2095
2001
3045
302
532
611
873
2284
3407
1171
2829
272
1892
3526
264
2005
2314
2187
531
382
2862
924
878
246
1035
3540
920
3566
3394
517
372
25
2936
3511
2586
1756
1940
2815
3061
3014
1451
204
1960
1759
157
818
1051
557
2380
3459
3161
1319
3518
824
1689
427
1691
1390
324
2440
771
2359
308
350
3284
1749
1653
3171
3323
3551
3030
2404
2079
1408
1678
659
1579
2154
1306
2358
3472
2611
2661
373
1230
1713
2250
2884
1526
1945
3504
1803
480
3293
2027
961
910
2770
306
1370
2137
2417
2034
3351
1496
1184
2172
2947
1632
2741
2389
2371
197
1452
1275
1158
115
876
1841
3230
3309
3449
829
1382
1797
3157
3275
3264
1222
21
2761
263
224
929
2644
935
407
1886
11
2729
1193
1835
1207
2129
1413
403
299
2557
1419
2691
1149
2255
507
605
1705
2887
433
2959
857
235
1651
1157
2433
2120
1209
1232
1347
3421
918
1873
1702
3452
48
1781
1109
334
1269
2658
3187
120
2534
285
1695
2031
2436
116
3332
3373
2842
777
1223
2805
1194
10
911
1752
1287
3366
1737
2180
1303
2640
1823
129
1947
1200
3174
39
1449
1431
1520
2624
2837
1538
2407
3555
2881
1000
3086
2277
643
998
3361
2509
425
2799
398
1218
2613
1341
192
3577
2401
2596
2784
1867
564
956
2912
2656
2746
700
2593
2391
1745
2460
1231
73
3521
1299
862
1616
1638
1119
2394
3117
1181
106
3193
1990
1054
3446
572
677
2879
973
1394
925
2063
3356
27
595
1931
3349
2392
2490
3059
1626
1150
1870
1428
2576
2699
533
1176
391
1553
2006
3474
2365
942
1305
2883
374
2619
1023
1677
3120
731
2854
1772
352
2590
2689
166
1818
1270
484
1362
525
2292
2306
2561
1843
243
1878
111
2447
1279
2913
3418
1012
1084
463
385
1055
1071
1375
1849
2252
712
2744
1842
2930
1967
2981
1897
3567
1345
90
3573
1983
2956
701
2196
1170
3368
2112
2204
2235
3067
2109
2160
872
830
1774
3299
2291
317
1211
916
1732
1858
3087
1039
1144
2493
2904
312
54
2428
3585
0
3587
3044
3327
2663
3363
2321
3354
1311
2347
74
1103
1944
527
987
2251
2868
12
1949
127
182
2269
3515
2680
61
1935
1876
2703
2608
1131
3337
159
788
835
799
3481
3593
222
2609
2932
1766
2054
3002
2705
2444
3063
2532
2769
2946
3321
546
2547
305
949
534
1195
2167
283
718
2787
252
2605
1350
1296
22
329
1097
1716
2767
333
2118
3200
2048
1869
2830
2370
3065
1939
245
2876
2464
1720
2984
2632
1748
934
2620
3003
3520
1608
1469
2418
3463
366
135
2908
1972
3383
63
230
2533
1487
1723
1219
2951
1393
751
2748
1563
1406
766
509
2119
19
1096
1736
1483
3482
3499
326
537
394
1984
362
591
2999
486
2927
281
2668
1603
1845
596
2921
923
2667
1173
1099
85
649
1627
1655
1980
2328
275
2615
2845
2197
3377
496
1470
717
2333
520
3328
896
2296
512
1794
936
2942
1664
1652
3169
2583
3152
734
1383
2929
1821
3228
3279
1594
1235
632
1129
240
1368
1379
2225
1744
2954
3196
3395
1693
2403
138
2376
1547
1160
1397
3342
2185
1611
3557
928
2488
1247
2150
3493
1087
2014
2354
3553
3199
2607
1318
2361
952
3380
434
2717
1734
1557
1019
1422
702
233
1591
2660
1755
1987
271
330
418
613
1197
184
2122
3034
2078
3255
3143
2515
1607
2651
3031
627
1715
1805
2222
2626
3080
3355
1250
3607
3025
3483
3101
3053
1152
950
2262
1411
142
1090
185
523
3038
1668
3409
1956
3390
1710
2682
2764
899
3035
1038
2138
2046
1436
2986
817
250
3160
516
279
439
864
2892
2462
2084
3162
3442
2718
3435
3456
1337
2406
3576
1454
837
1196
3040
603
2032
393
359
3023
1245
804
2976
3137
2280
3249
1089
420
1908
1013
1798
