180
143
66
109
15
151
142
106
192
36
107
52
164
130
8
55
146
50
38
84
156
24
0
113
1
129
116
79
67
92
190
85
135
22
69
3
104
57
161
102
199
175
61
33
191
136
186
72
194
163
58
60
51
165
159
47
64
168
10
35
103
56
198
166
30
124
181
81
14
188
28
90
121
173
95
43
27
93
144
65
133
11
4
122
91
110
34
167
25
160
17
126
115
16
48
169
89
80
99
138
123
183
152
68
87
46
26
139
174
97
77
170
112
150
7
100
184
196
154
185
23
182
76
96
162
5
120
137
155
63
178
94
54
31
149
148
197
73
118
108
74
42
78
172
32
132
75
177
158
171
49
179
128
147
62
111
59
71
187
86
29
20
21
125
83
44
195
98
2
88
105
37
12
18
70
6
119
9
127
141
114
153
134
13
39
45
157
101
189
131
193
117
140
176
40
41
145
82
53
19
