3391
512
2464
1153
1764
1873
1881
2351
1348
714
708
95
2854
1453
1550
3221
1940
2316
1174
263
1378
2853
278
2602
3301
68
3120
210
2458
1006
252
930
1244
2767
31
2046
1893
1942
2991
2439
1961
2273
813
2739
2781
1925
1291
2108
2791
2956
2893
3291
1321
2902
1234
15
371
3097
2307
2186
159
2471
74
1805
1966
667
2133
1299
1132
223
948
2636
1297
2142
982
1886
189
2470
1850
1068
659
1796
924
3393
1898
3353
107
2028
3544
323
2386
480
955
281
25
1276
2209
2719
3188
1079
1728
2265
1325
1532
485
2074
2326
3463
391
185
1193
327
2588
1093
45
2709
1918
981
520
1085
1191
1996
1535
2080
3440
2152
1067
1954
265
3105
309
2396
537
2530
72
1622
1692
2296
1107
1051
773
2029
3509
2518
2277
2009
1124
1777
1876
1339
1459
1733
73
3157
636
808
1115
584
3325
399
1493
2078
2900
1232
3388
3561
904
2479
3175
2930
1094
2573
2964
1530
432
3206
2306
2371
911
949
1078
2575
1228
1198
1739
1825
1989
2843
1110
56
652
2474
3404
2962
1837
1311
3053
2405
1888
2256
2836
2738
841
1056
2270
3475
1930
2169
3303
925
357
1842
2578
195
1912
3001
1439
2370
3047
2308
576
2274
2953
2794
179
628
1082
366
1352
1980
1567
2810
1210
2101
120
2292
1486
2728
504
1494
2547
2014
283
132
640
1
1779
2527
748
2695
442
13
3147
1870
958
3190
3075
2235
3216
2566
3415
293
1001
2509
3253
203
1802
3501
1331
2762
481
3557
1935
3511
1185
816
3029
617
2294
2039
3174
2864
2553
2038
1195
559
2955
1250
3058
314
2266
2345
2807
2060
1022
2489
2211
2876
3458
2918
2511
2945
3139
2705
157
1044
1337
3162
2468
772
1600
514
501
2258
2722
398
226
803
3372
173
3107
2016
741
2037
2892
1172
37
2937
2913
2961
2476
1902
1392
19
1456
788
1608
3324
1282
1806
3125
946
3235
2362
2811
1556
697
1375
1060
3134
826
2850
2114
2681
3281
1302
1597
2787
2568
967
2012
2872
868
1183
989
2516
406
2611
952
2948
2507
259
2911
2116
70
3014
3512
2959
542
1269
204
1829
2726
1637
3232
2053
1620
3024
943
227
1616
696
3377
160
1073
765
1346
3559
978
1157
1743
498
3145
3461
2463
500
2487
3506
2931
1780
1853
1152
2898
3045
762
843
3013
2880
2740
1058
3127
1767
1000
1010
110
2869
1361
1833
2244
3184
2522
83
1491
1358
264
150
610
973
1576
84
2151
2965
2604
232
1365
1599
2758
28
3543
1772
2310
2934
1143
962
2395
1036
2777
1025
1308
917
1558
1300
1108
2771
1919
1465
2334
3084
145
1489
3292
469
2227
3394
1222
1070
1854
3364
2712
149
2855
2327
3142
2006
1991
1220
1123
2426
2609
1626
745
33
49
1701
2112
3369
3550
730
2710
1553
1677
795
3304
2797
1086
1087
1407
2477
1519
3017
3087
2041
3380
880
2158
1661
2535
993
3519
2775
411
1574
1941
1549
568
3189
59
546
3176
103
3186
3226
1196
3362
1927
2580
1502
1839
2548
1869
1524
2657
2312
644
3083
69
899
66
2411
1181
2536
2926
3352
835
476
2890
1452
1382
710
1397
2544
3434
503
1536
272
3119
1328
2494
819
3214
1807
2582
1562
2084
296
1934
1341
676
1109
1658
2554
3492
54
3040
753
27
445
1076
1722
3426
42
1653
931
219
3329
2179
678
10
3152
290
349
214
2431
3320
2288
2145
1945
2805
166
2090
3524
2249
2287
1236
510
326
2980
2010
1376
2894
359
1534
619
196
2280
950
1982
872
787
2063
959
3266
1726
729
2473
763
1834
3429
1809
1255
530
1962
3178
2262
1005
473
2941
1204
1604
2416
890
1665
2354
3167
3422
470
1373
3432
918
587
2093
4
2207
2353
2623
2450
344
2804
600
1614
304
2338
1621
2233
311
1794
153
1584
1808
2278
1877
1485
1819
674
2750
2040
736
1248
2460
1149
361
2252
1773
108
3140
621
1882
2035
2667
1370
703
2670
2355
3144
2072
1563
2042
180
1904
122
752
662
3093
2528
2725
1495
2531
2519
1715
534
2906
2368
2574
1788
698
1974
985
2276
2500
3532
2837
2457
2651
1770
2590
2924
2183
2255
1026
614
769
2848
914
1023
1975
134
161
3231
599
1759
2512
2537
724
3080
2742
279
424
3009
3268
2413
1264
2011
3094
3411
589
1253
3234
1988
466
844
1437
374
3117
339
440
1424
1251
2212
147
347
3402
2165
2928
2921
1055
2642
346
3246
713
2459
1035
919
257
2272
3239
1142
2361
3496
511
502
1257
1624
1920
861
2653
133
2514
8
2071
672
1765
1139
3308
1972
85
940
2348
235
1289
2251
3213
942
2510
1537
560
1939
3265
1628
3430
921
1753
1322
1894
1705
2520
117
1650
2131
1436
38
1307
3102
1326
1136
3116
705
901
1699
2189
3022
1443
3443
2820
331
1669
3154
1167
3104
449
1398
1538
1490
2261
2472
3474
2358
1467
1749
814
2982
1997
3523
2478
3405
2004
2456
2756
2897
2268
1871
1698
883
1970
3530
39
2219
1525
2253
1746
2102
422
910
3442
1863
2019
3077
2613
1583
139
2696
1542
325
3146
5
1155
864
2051
392
1126
794
3254
1049
3161
540
3215
2234
2665
1681
852
3033
1506
3518
2086
1366
2087
1610
29
1041
2305
1175
112
3466
3488
562
3522
379
294
3315
1271
1685
2421
1310
837
365
2331
2680
2106
3002
106
1390
1374
360
1824
1720
94
2052
174
256
673
1571
2559
215
2279
2679
1404
356
1422
3034
2024
3236
2117
303
1229
3491
2619
2135
1575
742
2403
689
726
2585
2000
1923
1890
113
523
2120
2866
2393
158
1581
1813
2065
433
1634
1007
1260
3155
497
1897
1943
3560
1287
839
18
2617
2324
333
3378
1102
1039
3302
1517
1430
135
1654
2153
2462
3065
2698
381
706
3272
142
1324
2449
956
1047
987
3197
1508
829
1619
932
1768
3287
1848
3555
811
3238
400
3204
1593
3166
990
2715
2927
3132
2997
1640
3052
725
1197
3168
3451
2385
58
1889
3493
2857
867
2409
2076
1892
1737
1977
1278
2586
3262
1957
1546
2615
3055
2540
2763
700
1775
1875
2755
3342
1417
1020
1730
3517
471
1065
1154
1754
2663
1418
1899
2486
1349
855
1683
1501
114
1151
2136
1230
2499
262
3485
3199
200
2387
2492
1405
828
838
2399
211
3376
2831
3021
1293
602
3280
186
363
1385
3245
1279
721
1682
604
1586
2979
941
577
506
3539
3427
2115
60
1859
1952
2113
3128
2577
1795
3118
1862
2867
712
1968
2410
1527
3357
3409
2289
3229
1240
1254
2173
1579
1212
2929
801
3355
823
2932
643
1812
1895
2232
3290
1745
1343
2318
3395
3151
2346
2969
2789
1009
1644
695
220
2175
2036
1840
1492
3399
2339
1799
2543
1648
460
1233
2303
865
1419
886
869
594
297
1625
2407
1462
2684
1783
2164
446
2085
1557
1569
738
3193
632
3365
2635
2846
206
342
784
1836
3264
1176
2661
1344
2783
2727
2621
3131
1704
404
1811
2482
1984
1838
3074
1703
129
661
435
3122
2628
3283
3179
2760
2178
1189
1744
984
1547
3321
3250
1526
2847
465
1218
658
2616
3410
1595
1675
1360
1450
976
98
3335
1146
2443
579
1238
2496
2984
3313
1543
3431
2383
2714
1835
162
2812
3333
452
778
1099
2435
2453
2647
225
1971
2429
845
3384
3339
3528
491
3336
437
1710
2668
2314
3484
3487
1249
2620
2367
798
2047
2475
1440
1668
815
3465
3196
1305
1615
580
1992
1482
2724
2565
2652
382
2524
3185
2057
2673
453
1845
533
2363
1667
920
3505
3016
3470
2259
171
2304
1766
3252
2049
1243
2490
2247
2904
1134
2589
17
1638
851
2397
2711
194
1066
3267
2185
647
1742
1793
65
1605
2109
791
3109
239
2614
3260
2716
2974
1389
833
2801
1454
1130
3346
3553
2600
1577
3050
427
490
1800
2883
969
1758
1647
1313
3356
154
1029
2017
2068
2404
802
3473
522
786
669
118
2996
115
3495
1820
3259
916
1516
2031
1596
3447
130
2077
306
1034
565
605
397
624
1641
1045
1002
2534
1052
1664
3296
3278
2618
216
2121
1564
176
2192
545
2538
1182
277
2438
889
1523
1521
3403
3446
3124
3417
2917
1724
1345
3028
1594
1949
3224
3462
968
2002
2950
1544
441
3126
3046
199
2107
1713
172
3408
138
1932
457
2561
3368
1127
3441
755
46
1999
3209
3471
156
2342
2467
806
1062
663
1823
3023
237
818
2795
2257
2629
495
238
3323
2808
1922
3489
2365
1792
991
597
2313
3279
1359
1441
1548
229
79
3375
1214
3414
3285
2064
2147
1415
3307
1580
1242
3490
1573
2025
2704
2834
2230
1826
1262
2125
780
722
807
1554
3453
1470
1510
1265
2916
2240
1963
3478
2320
1815
1280
2069
1727
319
2243
2675
2309
136
2570
2003
1295
388
222
57
3340
3007
1938
1455
2654
1741
847
858
1858
2021
3556
1077
2104
3026
1263
2495
1951
2144
1061
3420
2290
1267
2088
1342
3338
3275
3531
367
2139
3397
2187
1639
3311
856
1948
109
2564
980
3257
3416
1985
2731
971
2214
2708
2126
529
3312
1316
403
2484
3064
1303
1497
743
1421
2717
1072
188
2391
1956
468
758
850
592
2612
2939
2005
526
638
3244
964
213
2291
2269
547
770
1885
1787
280
2067
372
2372
782
977
1202
2267
47
666
3082
3482
3030
776
146
75
1473
2998
3208
3056
3373
2985
513
1617
2677
1226
1828
1138
781
881
1315
2377
857
1512
1028
2634
3078
1844
2993
2221
651
957
2242
181
207
2827
3363
1286
488
295
234
1057
561
2981
3499
625
3435
2972
620
233
2168
1046
1259
2622
410
2194
3159
1015
1717
1931
2001
3091
840
1967
1396
2690
6
747
2128
21
2231
1883
3400
2903
51
2111
2885
2190
887
3502
2390
1725
2504
2925
3551
2022
1227
1631
1693
2356
3115
1731
2059
2862
2845
2188
1623
310
870
2737
556
1395
2809
3069
902
878
137
2899
1075
1734
353
3071
927
282
3019
3360
2624
1552
1309
691
395
2644
3
824
2749
2105
1159
2374
873
2216
1338
1277
1292
2825
571
337
728
1856
1691
270
418
472
3328
3066
543
3108
167
3183
3230
1915
2451
1908
1578
994
287
775
1410
836
1545
613
80
2286
1896
3316
193
1887
1288
767
1769
936
1131
2336
3424
1190
300
1221
961
1464
2465
3469
463
2092
451
2693
2529
2687
249
1900
2940
1801
768
2832
1874
242
345
164
2054
3436
3477
774
606
1032
1446
2556
1953
2821
1995
1426
799
2141
1636
1125
2349
1910
2943
1757
2423
316
1697
2907
2701
668
548
2557
2099
77
3472
549
1804
1592
443
764
2493
2412
739
1976
1946
119
1266
2366
563
201
1568
2550
2608
2700
2871
244
2382
649
144
2706
1903
2217
888
409
1391
3085
2957
1314
254
2137
243
1740
1208
1541
2877
3165
1270
2800
3383
3348
477
454
2748
3525
1448
335
1695
2283
2546
1707
827
3006
1383
570
1748
1296
2780
717
1969
1461
1369
1755
2415
2610
1879
1635
3379
1187
2508
1200
2637
2245
2176
783
1868
2170
3547
3114
1559
527
1814
1449
718
3541
475
885
731
1116
419
2678
301
1224
163
859
3121
711
2501
3351
3228
97
2601
63
3054
2592
746
2567
877
1747
550
3041
2723
2643
3445
1304
2838
3305
646
123
1192
2641
2882
2818
779
493
1223
78
2437
76
3200
2408
2640
450
3243
2986
3389
1659
408
2747
2799
338
2549
1712
1387
558
2083
3343
660
483
754
354
892
1281
3514
687
2197
1400
2806
1350
635
3141
1268
245
720
1435
882
2118
3067
1327
2757
1978
461
248
1384
2828
761
2081
1203
3130
642
846
3494
820
2994
420
499
2379
89
2605
1986
208
413
2461
3005
87
3452
891
2161
2162
2195
2515
3182
101
2754
3143
3284
655
1120
804
1112
1587
3535
1711
2889
2096
633
1071
1425
2044
2560
380
849
1921
2359
2571
2281
2237
2595
2469
240
228
2058
1591
656
1560
2238
3173
1901
1301
822
128
1830
693
2315
212
3025
3347
1330
1958
2790
1213
141
1317
23
81
2341
3381
1612
1478
3061
3385
1513
2626
2447
1909
2868
3177
1689
553
2271
2999
1173
2171
1201
3011
3192
1947
102
1014
912
36
654
2745
812
50
105
3079
298
1054
2908
536
1444
2923
3255
1273
1708
2703
2445
603
1050
2736
1738
1412
2949
935
1655
2824
2146
3326
988
2254
2018
1690
2875
3467
3444
2784
2521
20
3366
1357
90
2157
1714
2220
1716
1261
3554
2156
1406
3010
430
2539
2488
2402
735
1709
1933
1207
871
2248
126
3181
759
489
253
2181
1186
922
2672
2970
771
2645
907
686
2988
284
3486
1662
1074
2770
3170
1817
575
1911
1588
3510
1751
2075
1487
2901
1906
3374
2542
96
2729
1480
2097
3341
2050
1791
1089
330
2659
627
1043
2300
1821
1367
2936
1511
2746
1602
246
1687
2968
474
3163
417
2803
308
3242
328
48
1413
2849
44
416
2753
99
518
893
1431
341
2815
275
2026
2639
2596
3529
2630
3309
913
3503
751
3271
3314
436
1161
152
2733
2130
3387
401
92
2380
3202
2503
3018
1880
3070
1283
979
2282
3277
1723
444
7
352
3123
2947
716
1673
796
3483
2218
3371
3201
67
2656
402
719
3468
2140
2110
393
1672
2697
1479
3138
2987
2744
3101
1696
986
2983
487
1518
3090
2045
2082
24
1103
1781
1841
2884
1589
2766
3086
329
479
3187
1336
2225
2591
3223
1646
3460
1857
832
684
22
1294
2842
1618
665
2922
3370
1211
312
2858
334
1042
2633
1633
373
1246
0
3507
1024
821
903
3263
3515
2914
2835
3438
2414
2772
258
2978
1290
2878
1706
1937
3516
170
273
1394
863
1924
168
588
1332
1381
3418
1368
1388
2852
557
276
3062
909
2328
3043
3212
2400
895
2224
554
187
2419
1274
505
3476
3545
191
906
966
2491
2073
2299
1003
842
3164
3534
1171
800
3068
900
3331
2375
1432
52
1590
531
1964
1194
2840
1505
421
1402
407
639
2944
2295
100
1539
2159
3549
1776
1694
1732
71
1121
2330
734
2448
3276
2841
1114
1147
679
2905
683
634
2352
494
1484
43
1678
507
3413
2196
2422
1371
64
2669
1810
2343
569
250
884
3456
1256
1457
218
2381
383
648
1217
1252
1105
1258
3334
2938
1021
1205
2523
3008
1522
2971
1774
2184
2297
933
1528
2627
1011
3089
2910
3248
236
429
573
974
737
1169
3425
3072
464
286
3401
1080
385
1144
3049
653
2061
1458
2915
3327
574
2860
2206
595
1843
3282
1973
2048
908
1466
2594
3063
517
2551
3136
3457
3332
2597
1118
1846
1133
2062
1649
412
183
630
879
2798
704
1816
2817
1540
111
848
2822
2625
182
3004
375
3306
3406
1657
3350
2223
1284
760
954
2497
1225
1401
1427
582
2891
3398
2360
2008
3533
1867
2155
299
3270
2325
1106
2204
2946
1483
727
1469
3481
586
685
2103
3428
2089
322
1855
3015
1818
1063
3099
358
1611
1822
127
3318
3419
3542
1333
1090
2778
3300
645
3540
3450
2095
1096
3455
2702
1117
3464
692
394
1409
2830
1613
2992
1053
1433
1084
1864
1520
945
405
3269
2707
271
247
853
3220
3396
809
1671
1831
2275
3096
1928
3106
2761
1323
2699
1113
2839
521
1504
285
2977
2394
1481
1177
3195
2664
2967
121
2344
3504
797
1500
2895
390
2752
1851
1913
2779
2070
612
2398
937
1064
2593
670
82
2182
2205
1660
2433
1411
1180
26
1651
2364
217
2030
2213
744
34
431
1428
1372
2814
1603
1119
3241
1447
749
351
178
455
1955
1797
2138
3038
3076
1027
564
3297
2013
1239
260
2
1785
377
1235
1166
2056
3037
32
459
532
629
1363
198
1403
2861
482
378
830
1950
192
615
1420
2829
2150
3295
715
3537
3439
1607
1561
2033
169
1445
2020
756
386
2954
2389
1319
2454
125
289
3137
1803
590
2802
438
3169
2143
384
3171
2662
1965
1474
2533
1219
519
2844
2193
1721
2335
2694
3508
1884
551
757
992
1013
2260
2119
241
934
1476
2975
62
1606
2572
682
2199
1018
1555
1498
41
681
1008
2796
2311
831
2920
1351
596
944
792
1353
2434
552
793
2874
709
1572
3113
3088
1016
428
516
2751
1188
140
1565
2674
2483
2263
9
2517
598
88
2786
2887
3225
1936
3000
2606
426
2172
1379
2598
3150
3198
202
467
478
2481
261
3233
3286
1499
1033
996
535
53
2200
205
929
1735
2091
2788
650
2976
1156
1275
1329
608
2683
3027
3521
2648
2015
1178
528
894
2369
2599
274
1827
2735
3256
915
1158
1241
3500
2660
2167
2430
3412
963
3149
631
1162
1778
2526
40
184
2357
2208
1666
1150
2180
389
1012
1081
1515
1916
2347
1100
2713
896
1609
1088
1137
151
699
1994
484
544
1998
2098
1642
177
35
2896
923
1354
3191
1763
947
860
2302
897
2951
292
876
3160
2638
3210
875
2881
972
671
1460
2127
1468
1463
3367
766
1092
1237
3454
3153
317
688
1786
1847
3354
2202
572
790
3299
1122
2646
1140
1472
1386
750
315
2166
318
2027
1414
1670
3051
2759
2425
1533
2583
2441
1983
2851
567
1272
155
825
3148
2191
2246
3135
2603
2094
2563
3358
1216
2100
1679
2879
2134
2215
3100
1771
2210
1782
3497
3203
2886
1645
2384
3044
3526
1030
368
2720
143
3293
2333
1582
611
2452
2721
3032
414
2655
1215
2502
2513
3298
1832
3392
2420
3337
2743
3548
1914
3036
1601
2444
509
2285
3092
3031
2174
1306
1164
1285
1362
1004
3459
1866
2558
555
1551
3361
425
1784
2388
1037
423
3111
1475
3103
2066
525
2691
224
1416
2973
1676
2436
2631
732
2376
1206
462
2732
2034
2689
777
2163
960
616
970
55
928
458
362
1872
1629
2148
2123
3261
2942
723
2427
898
1990
1488
3345
1148
91
1163
1598
496
2329
3520
2079
2455
2298
874
3538
2819
1509
1429
2122
539
2505
515
1630
1128
1377
3330
1399
702
3237
1790
148
1852
348
1320
607
3042
2562
1507
2765
61
623
1531
2823
1643
2569
1929
905
2676
1756
707
1471
3437
2378
1656
3319
221
1141
2768
11
370
3156
1680
2769
340
1170
508
3039
3227
2682
3479
2424
86
1684
1760
965
1736
197
3289
2816
591
641
2236
1686
3513
2785
2392
1199
1688
2632
3073
288
1652
2023
2688
1503
3552
1761
2241
1380
269
1878
1019
1355
1145
104
1944
2990
3498
456
1298
1334
2124
2485
581
810
2321
2870
2226
1570
2229
209
805
3546
3211
566
1135
1762
124
1663
1434
2730
3110
343
2203
3081
593
1165
2149
2432
434
926
1861
740
492
2863
3222
355
2154
3344
1860
1514
2952
93
3390
1318
324
3057
983
1700
2792
307
2177
3536
998
2833
448
2373
2317
675
2685
2576
2859
3012
116
387
1865
190
3172
1632
1674
2428
364
2440
1566
1926
1097
2319
1438
3035
439
2607
1245
1979
2958
2873
2692
585
785
2332
854
2649
1160
2525
1959
1312
2552
953
255
2466
2741
524
2032
2912
1451
1104
2919
1247
2776
2773
2406
165
3433
701
3219
2587
1750
2734
3382
938
3386
2498
999
1849
1347
1017
1496
1048
2909
1209
2933
266
3133
1987
2228
601
2222
2239
1083
396
1356
3288
1040
1095
2856
268
939
1752
2989
3359
1038
3158
2888
541
3527
291
131
3251
336
1069
2129
637
694
2581
1101
538
14
2813
1423
302
1059
1408
230
1917
305
2579
3098
376
3273
3059
1129
866
2764
2323
2417
1393
3317
2865
997
2686
2418
1098
3349
680
2250
2555
834
2337
2442
733
3095
2340
3240
2446
1960
1718
3249
583
609
2793
12
1231
1798
626
267
1091
3322
677
2506
2055
2007
1335
2480
3448
3207
622
332
1729
321
1719
1168
3020
2650
3247
1585
1627
320
975
2966
2774
2043
3129
3421
175
3310
1529
2960
690
3180
2132
2322
313
2666
3407
16
2284
2963
350
2826
3423
3449
3274
2301
369
2584
2201
1981
415
2935
2264
1031
951
3218
2198
664
789
2658
1184
1993
1789
2671
2350
3217
3558
2532
618
1477
1891
2293
2718
578
30
817
3194
1702
2401
1179
995
2995
1340
1364
231
3205
3048
657
3112
2545
1907
3258
3060
1111
2782
447
486
3294
1905
3003
3480
2160
2541
1442
251
862
