523
900
274
666
92
232
234
67
513
680
394
735
61
585
357
901
628
859
419
1076
198
488
788
722
497
836
928
149
565
552
80
1014
668
921
136
899
388
225
902
496
345
970
190
873
240
111
723
293
83
630
732
787
121
716
183
822
580
542
727
843
420
982
291
115
355
871
382
806
946
17
331
333
474
664
493
96
648
521
753
458
950
610
450
698
707
199
839
940
854
945
532
134
838
108
289
955
72
307
129
312
518
9
142
126
884
675
470
222
284
453
577
844
378
122
68
985
267
1002
7
338
547
264
300
618
287
160
192
1036
146
439
670
622
885
906
221
377
158
392
588
800
614
1000
285
255
4
1049
811
297
123
644
1093
778
494
761
741
499
1080
611
683
799
533
102
802
886
39
117
849
202
242
503
120
1106
369
63
282
1015
133
925
200
592
684
371
151
81
298
478
52
484
449
880
927
634
581
646
165
956
349
506
24
653
510
754
323
875
947
517
228
301
1077
454
681
812
528
934
400
554
302
856
304
1062
907
975
54
625
354
1023
558
746
75
440
492
863
706
1008
1005
984
379
633
8
583
733
1086
173
314
747
1039
374
936
163
358
1107
1074
817
261
516
424
500
23
744
260
686
957
780
445
951
248
245
785
268
978
376
1007
119
718
1082
990
442
1001
306
438
869
689
40
1018
642
275
70
740
1053
233
872
205
6
1045
16
941
127
738
226
479
764
69
172
177
238
451
196
1031
1038
44
456
435
336
891
5
999
1004
138
555
546
932
911
480
711
116
526
674
824
459
433
370
810
858
27
649
125
55
605
1100
505
247
462
50
645
373
389
550
837
467
194
980
662
104
531
636
661
685
141
1073
241
93
272
35
259
1022
236
601
762
286
1051
353
549
587
87
868
346
174
164
794
391
51
709
519
842
308
107
939
703
423
256
426
243
545
195
1043
846
106
758
294
1094
972
682
769
130
502
316
571
231
1009
21
962
327
296
43
489
923
829
1032
637
825
702
651
1003
74
137
647
768
857
73
408
118
865
97
26
310
1104
292
186
348
447
77
596
416
56
895
748
153
230
694
329
779
781
249
676
396
877
760
460
728
201
1050
1072
657
328
464
95
679
427
42
325
952
1041
782
687
655
1081
250
380
566
237
775
365
13
324
88
334
1059
71
578
501
1060
971
1017
283
1075
678
155
321
356
560
1048
721
1067
943
671
966
372
313
498
465
602
1068
729
169
154
320
656
167
876
251
712
725
184
898
977
539
208
791
573
567
0
677
767
563
90
556
576
179
20
743
890
482
280
176
2
535
1099
512
669
1033
599
883
1091
65
1066
866
317
660
229
30
472
821
816
351
1079
720
942
188
10
963
807
1046
347
311
1089
322
938
432
749
987
751
973
114
616
828
33
697
271
1010
509
913
315
276
288
53
402
48
813
34
691
340
801
207
131
1070
367
397
47
417
481
524
303
704
654
409
19
544
1095
827
988
295
217
29
31
613
182
797
894
1021
197
140
58
755
850
575
253
342
448
600
487
437
833
38
469
1098
979
339
1069
265
783
889
568
332
909
1096
401
638
690
143
490
414
582
840
393
892
187
86
590
771
25
777
612
1108
398
756
128
166
953
529
621
404
522
418
1110
45
446
640
41
667
663
623
1097
609
403
375
818
790
931
219
443
486
834
213
699
848
852
908
144
1088
933
915
11
350
1034
1061
693
641
541
263
161
862
383
175
935
252
1020
903
1037
551
701
139
461
888
773
981
444
344
537
708
399
309
279
864
919
246
603
66
413
278
1026
964
159
959
881
593
624
266
273
530
579
147
589
998
731
632
150
193
710
965
715
299
103
227
594
948
789
145
113
511
949
893
76
411
1109
84
944
1056
326
171
853
82
905
62
214
874
463
105
745
1087
485
387
559
1006
696
994
793
85
1101
335
1085
262
168
774
1054
425
527
204
766
861
665
742
995
619
384
574
910
960
804
759
407
562
360
368
776
986
672
650
808
538
124
210
170
110
737
318
924
617
209
1064
89
976
269
1042
835
954
830
631
363
78
615
343
997
211
920
993
491
627
15
181
59
784
688
752
1030
1105
606
926
719
156
1027
57
421
1057
101
534
504
765
795
912
996
652
809
823
564
1024
319
1103
428
736
203
1019
507
1035
969
914
540
364
770
100
224
929
992
212
337
46
930
692
803
1090
36
1058
152
390
305
1028
191
235
639
452
49
430
918
515
629
466
897
714
1092
495
1
595
1025
860
406
658
961
405
410
792
94
591
819
132
1055
620
385
967
32
431
290
826
832
162
412
1071
361
1063
109
525
1102
1029
726
974
189
330
476
870
879
244
855
867
3
60
441
1016
475
395
798
659
878
254
381
643
216
218
471
570
1083
91
14
1052
734
386
713
1044
750
763
508
845
135
917
705
1013
455
366
608
415
258
1012
1065
239
457
695
796
436
1047
937
730
548
483
882
561
514
584
958
820
841
543
968
831
12
1078
473
220
604
553
206
569
904
1040
520
991
607
180
28
916
112
536
64
922
572
717
851
626
468
215
477
724
989
1084
178
814
786
434
422
281
18
270
148
1011
362
352
739
805
157
598
22
79
700
359
277
557
896
772
983
429
597
98
37
99
185
847
887
257
341
673
757
815
223
635
586
