180
143
279
66
142
106
36
227
330
52
382
302
130
8
55
146
50
332
269
379
84
237
24
377
363
1
362
311
324
129
345
67
92
327
135
259
69
213
218
57
238
161
102
342
393
191
186
381
58
334
340
60
268
51
214
280
64
347
205
103
35
394
264
222
336
124
181
317
229
283
14
346
95
173
369
372
43
262
27
93
351
320
91
290
34
298
315
398
389
257
25
160
373
17
115
169
348
80
99
183
295
224
26
386
366
239
260
388
357
368
251
150
7
328
184
383
196
182
76
162
5
137
155
178
329
206
31
149
390
197
207
308
73
250
118
108
359
78
172
399
289
370
32
75
177
344
286
49
276
147
62
71
86
392
297
21
375
228
83
220
374
211
2
210
288
37
70
6
216
127
141
358
153
134
299
234
235
13
221
39
45
274
325
337
356
131
217
243
117
140
40
145
242
168
53
19
343
254
208
285
109
15
151
305
192
107
397
230
164
236
249
333
331
265
38
156
0
209
113
318
365
116
296
367
79
240
190
85
314
22
3
104
277
199
175
61
33
313
284
136
212
322
72
194
163
278
391
165
275
202
159
47
248
306
321
10
349
309
56
310
353
198
203
166
30
378
81
188
364
28
252
282
256
90
121
316
338
144
281
65
312
133
11
4
122
110
167
387
233
396
126
16
48
89
138
215
123
204
152
68
87
46
323
354
244
139
174
97
341
77
319
170
232
304
112
100
253
271
226
352
154
23
185
326
96
120
263
63
94
54
267
148
246
225
266
287
74
42
270
245
292
132
355
361
255
291
158
339
171
258
201
179
128
111
59
187
29
200
20
125
300
301
44
195
98
371
219
88
105
12
335
18
119
9
376
293
114
350
273
303
307
294
261
241
157
360
101
247
385
189
193
380
384
395
231
272
176
41
223
82
