180
569
470
574
143
406
279
427
592
416
66
142
106
511
488
227
36
496
330
52
519
382
407
302
130
8
543
562
55
146
50
404
332
269
513
379
84
458
237
510
24
377
363
1
362
311
324
129
429
434
345
67
493
92
463
327
135
259
213
69
445
218
57
238
457
161
102
449
599
342
521
393
191
520
497
186
381
579
431
58
486
334
60
340
268
51
525
583
214
280
64
347
479
205
572
400
413
35
103
264
394
556
541
222
336
124
181
229
283
317
14
553
346
95
518
173
369
372
452
43
581
455
27
597
262
93
351
402
472
320
522
91
420
290
298
34
547
315
389
398
257
25
160
373
487
17
115
169
580
578
80
348
99
183
408
295
586
224
26
386
366
239
260
412
550
531
388
357
368
251
150
7
328
585
184
383
552
469
196
542
564
182
76
162
5
137
155
537
178
329
206
503
31
149
425
566
390
197
207
308
250
73
514
549
118
108
505
359
411
517
78
498
172
399
289
370
529
465
32
483
570
560
75
177
344
448
565
286
49
276
147
447
507
62
71
392
86
551
297
461
440
21
375
439
228
515
83
494
220
430
374
211
506
2
577
464
288
210
37
535
588
536
70
6
216
587
127
141
476
358
508
153
134
419
433
299
528
234
235
13
559
576
573
221
39
509
45
274
471
325
436
337
356
131
598
217
480
243
117
546
140
40
145
453
242
485
168
53
19
343
526
254
208
491
285
109
15
151
305
192
516
107
527
504
397
474
415
230
164
418
540
450
236
249
333
589
38
265
331
478
156
0
209
462
113
417
318
365
428
442
575
116
367
296
79
500
591
595
240
190
85
594
571
482
314
22
593
3
104
277
199
175
61
33
524
284
313
136
212
322
72
194
163
278
557
391
423
165
275
202
159
47
248
306
582
501
321
10
349
309
534
444
473
310
567
56
422
198
203
353
166
30
378
81
530
188
364
28
252
282
451
90
468
121
256
316
338
409
144
281
65
312
133
410
11
4
122
110
403
438
167
387
233
401
396
126
16
490
48
89
414
138
215
123
204
421
454
561
152
68
87
46
323
475
489
424
354
554
244
544
139
596
174
97
563
77
341
319
555
170
232
584
304
548
112
590
100
545
502
253
271
226
352
154
23
185
326
484
96
120
263
539
456
63
94
54
267
148
246
225
266
481
287
74
42
538
270
245
441
292
132
355
460
361
255
291
339
158
171
258
201
179
128
533
459
512
111
59
477
446
187
29
495
200
568
20
532
125
300
301
44
195
466
371
98
219
88
426
105
467
12
523
335
18
119
499
9
558
376
432
293
492
114
350
273
303
307
294
405
261
443
241
157
101
360
247
385
435
189
193
380
437
384
395
231
272
176
41
223
82
