180
143
254
279
208
66
109
285
15
151
142
106
192
227
36
107
52
230
164
130
8
236
249
55
50
146
269
38
265
84
156
237
24
0
209
113
1
129
116
296
79
67
92
240
190
85
135
259
22
213
69
3
104
218
277
57
238
161
102
199
175
61
33
191
284
136
186
212
72
194
163
58
278
60
268
51
165
275
159
202
47
248
214
280
64
168
205
10
103
35
56
264
198
203
222
166
30
124
181
229
283
81
14
28
188
252
282
256
90
95
121
173
43
262
27
93
144
281
65
133
11
4
122
91
110
290
34
167
298
233
257
25
160
17
115
126
16
48
169
89
80
99
138
215
183
123
204
152
295
68
87
46
224
26
239
260
244
139
174
97
77
170
232
251
112
150
7
100
184
253
271
226
196
154
185
23
182
76
162
96
5
120
263
137
155
178
63
94
54
206
267
31
149
148
246
197
207
73
250
225
266
118
287
108
74
42
270
245
78
172
289
292
32
132
255
75
177
291
158
171
258
286
201
49
179
128
276
147
62
111
71
59
187
86
297
29
200
20
21
228
125
83
44
220
211
195
98
2
219
88
210
288
105
37
12
18
70
6
119
216
9
293
127
141
153
114
273
134
299
234
235
13
294
221
261
39
241
45
157
274
101
247
189
131
193
217
243
117
140
231
272
176
40
41
145
242
223
82
53
19
