180
569
574
406
705
416
106
511
227
36
519
407
130
8
543
146
605
332
269
84
458
237
702
510
24
377
694
363
1
362
639
324
129
622
604
434
345
493
67
92
718
668
69
213
218
457
161
798
601
651
784
521
698
381
486
334
340
268
583
214
479
700
400
35
103
222
725
553
346
693
653
173
369
372
452
43
776
597
27
747
617
402
472
629
91
420
34
547
315
614
398
389
25
373
115
580
348
80
659
649
183
408
295
765
710
366
386
412
667
357
368
764
687
7
726
328
184
383
196
564
76
162
137
155
680
669
206
503
781
149
390
207
73
608
514
118
108
359
721
172
498
399
289
652
529
465
32
570
177
448
657
507
62
86
790
647
21
439
228
777
220
374
506
2
633
772
577
535
588
603
794
536
6
216
141
358
508
134
419
528
234
748
235
559
13
576
573
221
39
509
274
471
642
325
131
616
217
480
243
546
140
242
485
53
662
526
641
786
728
15
192
516
672
504
397
415
712
540
450
692
236
249
331
265
478
156
0
462
417
602
318
116
367
79
645
787
591
190
482
717
737
314
3
277
727
33
656
724
322
72
795
278
557
391
606
423
760
766
275
202
47
501
321
10
706
444
473
422
353
203
166
684
378
695
704
612
188
252
619
256
468
644
338
740
409
697
144
719
741
11
122
438
167
387
126
16
48
89
414
138
215
421
689
68
323
489
691
782
688
244
544
139
660
596
341
77
563
170
584
304
624
100
791
545
502
792
773
326
484
263
745
539
94
54
735
246
774
632
266
757
481
287
270
767
245
716
674
132
361
291
339
258
201
179
623
533
128
793
495
200
20
300
44
466
371
219
426
625
650
796
634
18
119
558
9
628
750
723
730
731
273
303
307
294
405
739
443
101
385
380
743
437
384
395
797
272
176
713
783
470
143
279
427
592
66
666
142
671
488
496
330
52
733
382
302
709
562
55
50
404
513
379
752
311
429
463
327
259
135
445
699
57
238
102
621
449
714
599
342
393
191
520
497
186
676
431
579
58
60
746
51
655
525
799
280
64
205
347
572
736
413
620
264
394
556
613
541
771
336
124
181
317
283
229
14
759
95
518
581
455
262
93
351
711
636
640
320
522
290
298
753
701
257
160
487
17
683
169
578
768
99
677
586
26
224
239
260
607
550
670
388
531
661
251
150
789
585
643
552
469
542
182
5
770
537
178
329
31
425
566
197
308
250
549
505
411
517
78
370
761
483
560
75
344
565
286
49
276
147
447
71
654
392
551
461
440
681
297
658
375
515
494
83
430
211
665
464
288
210
37
762
763
755
70
673
587
127
476
153
679
433
299
631
754
45
785
436
337
356
598
758
708
685
117
778
40
145
453
168
19
749
343
742
254
208
491
109
285
618
151
305
527
107
474
230
164
611
418
333
589
696
703
38
775
209
113
365
682
428
575
442
296
500
751
635
240
595
594
85
571
22
593
715
104
199
175
61
738
524
284
313
136
212
194
163
165
159
248
306
582
627
663
349
309
534
56
567
310
198
637
30
81
734
530
28
364
282
451
90
121
316
281
65
312
133
410
4
110
403
233
401
396
490
788
123
204
561
454
152
87
46
648
475
756
424
354
554
97
174
678
690
319
555
232
600
112
548
590
610
253
271
226
352
154
23
185
96
120
626
456
63
686
267
664
148
779
225
74
42
538
441
732
292
675
355
460
255
158
171
459
512
720
111
59
477
446
187
29
780
568
707
769
532
125
301
195
98
88
105
467
12
335
744
523
499
432
376
293
492
114
350
729
261
241
609
157
360
247
646
435
189
193
231
722
41
630
223
82
638
615
