7511
5994
2720
2129
4284
1786
7712
234
5439
7463
4158
513
3756
2315
7268
7145
628
2903
4532
2257
3218
2831
4230
6486
8069
3106
4756
3303
565
3214
7424
1128
6944
345
7562
873
2242
2194
5120
2346
7552
6931
1557
115
355
3885
806
4604
8176
4160
7038
521
1543
6529
7714
1988
7474
5688
7914
4671
5408
4345
7743
3520
1655
7161
1600
1945
4143
7184
2330
518
2358
3996
4342
126
2648
4231
6321
7034
470
7513
2921
3250
6042
2356
6965
7516
3362
4476
2398
7729
6020
192
1262
6960
7587
146
4987
1844
4779
6245
7821
6169
1591
6895
622
2939
3922
1891
7178
6880
3410
4297
7471
5060
255
4319
7934
3481
3017
3553
1049
1318
6999
2969
1860
5884
4708
1202
4868
4150
6973
1453
6929
7610
5795
3829
5973
5841
799
102
2015
4125
7423
4655
3010
4553
849
6649
8211
3025
1518
4852
6822
120
8024
3940
4879
5454
63
282
4698
5298
5222
7709
2048
5827
1689
3223
1845
6718
1854
7336
2475
2609
3360
3737
1210
4695
1824
646
165
4259
6013
3747
5329
7342
506
2677
6979
7876
947
5490
5242
6893
7704
7770
2661
2635
6745
8098
3835
1386
3983
7867
3401
907
5227
354
2504
7599
8222
492
7955
1943
8339
6431
4609
3014
4903
4452
2399
7669
3386
2213
1991
8308
5219
3045
2538
2018
374
5023
3571
7259
4663
516
2477
3243
4561
6827
1734
3220
1235
2379
445
5848
3074
1905
4091
5163
5310
245
8173
978
6558
8028
6631
6991
2852
7845
1392
3156
5515
7300
5480
3591
3146
5659
5793
3652
7765
8155
6668
1883
4541
1953
5838
7362
2863
4304
2624
5099
238
2482
6595
7211
4566
7249
7222
5912
5281
8267
5724
7719
44
456
8389
6785
4747
6730
1326
3758
138
555
7121
7297
4737
480
6048
4058
6540
8256
1776
5169
6059
5467
2197
4326
1280
1478
2041
3130
8420
2229
2138
4592
4976
27
7004
3423
4224
7925
4240
2493
3103
7752
6552
50
4735
7246
3370
7333
5367
550
1713
8079
4734
8357
4628
2526
7158
6556
5355
6724
1528
4525
93
6779
3350
2851
4576
4539
601
3729
87
868
5116
6280
2667
4122
7834
6433
4348
3638
6124
2658
1362
3095
3776
3044
1299
1771
939
2124
5987
6626
3483
5769
6941
256
4480
2293
4193
4311
6053
6419
5159
7529
972
6049
6317
2127
1906
231
1009
2950
2391
7047
3147
5564
4095
2095
6993
3363
3578
1032
3217
1331
1962
1747
1928
6682
6066
2907
2117
408
5767
3440
7589
4353
26
3774
1725
2283
5443
7036
2367
4156
4810
8146
5226
8054
7631
230
4755
4950
396
3618
1476
1072
6757
1370
6851
8044
5570
6739
2395
7607
1081
7227
775
2368
2580
3861
5046
2069
5323
71
2057
1378
6216
678
7089
3050
560
1048
1461
5478
5779
6741
602
4832
1495
320
2760
8318
3906
3796
4469
251
6475
2988
1722
1367
6150
208
3595
4229
4350
8106
567
0
2519
4094
7480
7341
6312
7216
1761
7456
6539
4727
6763
3781
4432
5756
1727
7888
4207
176
2
3955
5477
2770
7732
4438
8231
5459
3451
5602
1464
1646
7753
7943
4945
4958
3207
3432
4583
317
816
351
6017
8223
6989
6484
4399
5197
1124
4967
7040
4380
7923
5765
311
1089
322
6201
5928
2699
3437
973
7750
3644
3700
2076
4961
7006
913
3970
3004
8085
8358
1625
7987
5489
6516
7147
2559
5811
4564
5586
1380
2779
1350
2003
4855
2205
3516
3383
19
3588
5924
4251
8322
5201
7257
4789
5503
5890
1809
6336
6853
7835
2050
3576
613
4703
1021
2019
4285
2073
6399
4418
1778
3866
5162
5824
7908
7113
1714
3968
1209
3863
3877
5357
7746
1954
638
4846
4619
5055
7969
6962
6308
7907
7118
3289
3470
6332
2765
6366
7702
187
1840
2827
5158
3188
5493
1723
5283
756
128
3435
2401
1856
2491
5450
2548
2302
3937
3570
8110
1403
3249
2323
1780
2017
4477
7442
5374
623
6371
6394
3227
5211
219
3393
4860
5842
2897
7059
4873
3359
1146
3825
1034
5545
693
1422
2466
3640
4641
5938
2759
3654
3843
2717
4293
981
6675
2871
2739
8264
708
7814
6983
4861
5370
7884
246
603
3754
5155
8150
2748
1865
6650
2768
3656
959
4306
3011
1201
4963
1739
4315
7013
3962
7298
4047
2456
4584
5476
5362
8370
7833
4724
6264
948
7363
4824
3904
3005
5658
7630
2150
6823
1965
6586
2883
5107
3791
7868
8088
5910
1545
6861
1668
3377
2468
696
7166
4288
7609
7196
8336
4482
5264
4280
7231
3356
1054
5940
4261
5680
861
4951
3613
6835
4278
2512
384
1493
5771
3116
2074
5554
7558
3941
1409
4371
8235
3042
7375
7917
3395
4450
4531
986
1823
8400
170
7057
6886
3864
7447
318
8416
2789
2295
3662
3859
7220
6674
7504
3065
2209
6557
1321
3032
4018
8292
6794
5028
8347
2384
2574
5069
6479
7469
7157
8206
6456
4556
5859
4989
3801
4372
491
2811
4186
1993
181
7139
7740
4045
752
2929
1852
156
5843
1574
1650
3951
6292
3782
4964
6326
7002
3390
4648
6872
1994
1019
8084
2737
1035
6192
5129
7033
770
100
224
992
4598
1940
4959
6700
6693
4697
3515
1028
3369
4483
1226
1565
3982
3960
2301
918
1742
1238
629
6199
466
897
7848
1281
2796
8213
1499
6236
7392
4313
3889
5095
2572
7841
1866
3623
5157
6904
6619
3415
1055
620
4255
2734
431
7031
5072
5397
162
6157
5552
412
7168
2277
3428
8101
6095
3123
1688
3730
4836
5075
6086
974
8104
5022
1687
7526
7944
6651
8035
2094
4214
3479
7021
7930
475
395
3878
4774
7855
3827
1519
3344
6517
1369
1842
5725
6257
5556
2981
2166
14
6459
1559
7990
2487
2791
1764
4921
1444
508
2972
917
2419
7200
6302
455
4985
5483
6579
1012
3505
5466
2256
457
3137
1119
8364
4157
3177
1220
4317
2437
5049
3291
2807
4659
5727
3040
5899
6282
3622
7420
7051
6956
206
6654
1799
991
4014
7415
3165
3322
8102
4874
1416
7671
64
6701
1284
1893
2947
8017
5196
2269
5039
6063
3882
786
8178
1229
6276
7293
8053
6367
352
3158
7915
3785
3949
5871
7126
5140
359
8166
557
2059
4202
6183
4935
1307
2162
3355
2423
4588
7575
7429
5178
7754
2235
4168
2294
2858
5182
5442
488
6122
722
2955
6760
3287
4392
1322
4199
6244
5210
6148
4479
7262
7687
3779
5585
5448
388
3172
4675
4625
5818
5995
1896
2613
5543
3300
2801
7482
2031
7050
2432
982
2142
8123
1358
3932
4044
1132
5559
5423
5398
1285
7124
1767
2594
4700
3244
4814
4841
4478
8099
7491
4112
698
3224
6496
6339
3073
854
2890
532
5573
1445
5453
72
1894
3833
7799
1587
3270
6868
222
3036
1373
3927
6028
8418
2844
3920
7700
7795
7052
1261
2625
3053
3814
6550
1434
1796
3609
3398
3615
4550
5611
377
7490
2388
3556
6731
1869
285
5074
7941
6795
5133
2662
7836
4714
3838
7414
6402
6410
4653
4521
5959
4423
3558
1909
7560
2880
741
2170
2860
4369
611
3975
6969
3463
3761
2886
5730
8220
6194
6255
1813
4151
5005
2793
6089
1671
5032
3845
5621
1255
4472
3236
4173
5691
5122
6373
6116
8047
6883
7832
4286
7839
6288
484
52
4694
4930
6381
8277
3138
3813
1315
1393
5243
4249
3420
2496
2322
6908
6936
5551
1239
2712
6261
2834
2977
5132
754
6241
875
3312
517
1077
6632
7027
2112
528
934
5101
4415
5876
1711
6784
7014
6662
856
2121
7237
7811
1500
3093
2845
975
6846
6376
2369
8119
4185
1005
2144
3876
984
7665
3397
314
1039
2420
1522
5877
1107
7190
7889
2993
817
3548
1958
1961
6001
4141
2936
2645
8056
260
8208
6522
3061
5984
785
5419
7568
2303
2454
6528
3232
7444
3572
442
8042
7544
1550
3688
3626
2044
4616
4911
1670
4791
6575
2755
3121
5290
1053
4545
2392
6817
8344
4705
4906
6212
8112
1835
2696
2617
7986
172
2171
6481
196
5174
2792
1477
8043
7551
336
4019
3029
3185
5189
2974
5787
5112
6726
911
4794
7976
3122
6417
1784
116
1674
824
459
6848
3894
858
1419
2376
4434
4504
5244
6023
2174
4489
7074
2011
3696
462
2840
6755
2853
467
7681
3064
4254
6084
7422
5832
141
5495
5406
1073
2460
4329
1999
7467
4627
3569
1022
286
2523
3443
5455
6081
3027
2928
5744
4813
7816
4309
6466
5736
3741
2914
5808
2037
3564
6035
703
423
1728
294
1357
2296
1627
1788
7926
6974
7723
1635
1395
3746
6130
769
130
6767
5229
5887
2850
1159
2092
4152
8404
6809
1694
2710
6054
1276
7817
137
4878
2108
5145
6320
8143
7571
6897
6309
4184
292
6406
4591
1926
5024
5018
3744
56
4287
5797
2690
1228
2521
7639
4892
4775
1177
5322
6560
6925
5970
2888
3060
6972
7713
8247
5604
952
7340
7826
2976
3100
7851
687
4163
655
6985
4085
1207
566
8345
6797
2478
8310
5529
324
3099
3449
3375
4090
2290
7265
7099
6311
3101
6297
5253
2463
8116
5649
7233
6300
3542
4717
5435
4327
498
6786
2066
8145
729
1185
4281
2113
4870
6610
2714
1511
2650
6582
7449
2821
7919
6296
5352
7438
6041
2264
4232
1848
767
6032
8212
2081
2086
6914
556
8320
3534
2937
7172
6473
20
8137
6510
2061
7345
3088
6437
7440
2085
2957
535
5282
2237
6389
2967
5553
1033
4853
8171
8287
1290
3702
5619
8384
3716
3000
7611
3579
4457
1468
7012
7771
4681
1903
7308
5934
7048
660
229
2951
7737
8039
3143
4658
7305
3381
6905
10
5888
6532
807
7213
2971
6256
114
6563
7701
7359
1010
4558
4573
8046
1390
2694
4560
402
2980
2808
7576
340
7448
1898
2660
5656
2304
6520
1070
4473
2944
5033
1484
417
3354
5643
2479
8029
2342
544
7842
5541
6344
3631
7854
1720
4038
7485
2534
1768
6238
6643
7948
6237
5806
3749
5097
755
2684
1787
2542
575
6664
6443
600
833
437
38
6696
7678
3596
5470
5351
2842
2653
8094
7288
7329
7458
783
1214
6454
4172
3532
3771
2798
7524
2713
1663
5898
6198
5094
4913
6075
1855
398
5428
7953
166
4029
953
4555
4258
3512
3971
5829
4966
2546
2615
8067
7830
2139
6531
6178
4908
2685
6132
8013
5342
7622
4636
7132
7242
848
3030
1133
2997
3448
4465
6027
3452
1088
8058
7130
2602
4953
8111
4082
541
2390
5974
161
383
5615
5852
1911
3671
5273
344
6719
2143
1325
5821
5639
399
1298
6165
2622
1964
5992
2678
5037
5054
8059
4252
273
7314
5345
8241
4753
6527
6544
1473
5506
7489
2520
5960
7457
6593
3524
1724
5547
965
5703
5271
2012
2892
6802
5251
5882
7271
5059
84
4221
7628
7419
4971
2990
3809
2826
1618
7394
1755
4795
4847
745
7769
3179
6844
4034
7586
8063
7931
2700
7058
1520
6574
6874
6350
2114
7175
6491
1200
7510
5562
6590
3216
6427
6108
7570
4387
8242
2157
8005
3382
574
6106
5726
6384
4750
4025
6176
4074
7501
2499
3710
6185
2643
4382
7378
6608
1443
6885
4169
3076
2326
7533
1726
2232
4060
6836
7760
4924
7219
2462
8346
3266
7991
1592
2259
363
5071
4941
3647
5144
7613
627
7428
1822
2949
3444
6591
3617
6842
2761
1126
8006
4530
7277
6240
1166
8314
795
4417
1491
7690
3290
5143
652
8348
3468
4336
6712
1915
2054
6838
6930
428
3441
1259
7381
3694
5014
1359
3234
7648
7641
8282
7232
3847
5161
4522
6342
6375
2361
3345
2002
2639
3786
3367
6603
49
5462
1665
3751
7062
1324
2024
2813
1743
1585
714
5333
1092
2536
1554
5700
1908
6195
406
2403
1544
3967
4316
6430
5287
410
7217
7197
6776
2749
4093
7786
5353
6168
6408
1800
2266
3256
1063
5306
1833
7532
2723
1029
5523
7812
5740
6692
2805
1376
5319
879
1218
855
3067
6228
4379
1016
7784
5481
1910
5399
8147
2934
3442
659
6912
7899
2966
1630
6251
471
3186
6738
1642
4098
4248
2856
2999
5672
6348
4498
5125
6713
3592
4027
4640
1435
7360
3373
5582
6442
4751
2985
6273
239
8255
6234
7470
1899
436
937
7065
8103
5999
483
3164
2030
4470
3309
7911
6304
7321
3374
2506
514
584
4312
4707
543
2431
8240
3478
3683
3126
5294
2924
8275
2771
4807
8289
6011
3021
4511
7548
536
4386
5531
8299
6746
7202
215
2665
4308
3540
4834
7186
3108
4341
7996
3115
2441
7633
5981
8139
5437
1289
2859
1011
2733
5321
6684
7857
5026
7823
6005
4431
3127
157
2424
22
79
1475
8185
896
8027
4256
3467
8271
847
2310
341
7809
8367
757
815
223
2212
586
5042
274
2317
5525
6246
735
2161
5764
5317
1286
1182
3603
4877
5300
4089
497
836
1498
4010
5833
5710
928
1748
2517
3219
6485
5967
5739
2187
1014
7328
7103
8331
4502
3215
899
8089
8160
5926
5634
1639
3477
3278
723
6571
7112
732
2877
7838
3977
5048
7096
7680
3434
3687
2606
382
3659
7632
946
664
8008
5781
2377
5213
950
610
1320
3357
4797
134
1974
1695
3348
6720
4201
4520
3461
2815
5246
8136
2163
5716
2149
142
1606
2181
1821
8261
3495
3715
378
6218
2829
4485
4528
6923
5025
7789
1002
3251
5633
7546
5389
338
6038
8051
7974
4200
6439
300
3709
670
5828
885
5498
221
4447
1417
4119
3802
7960
8414
8193
2287
7382
6753
4
3086
8280
5348
6102
3308
3081
3168
4884
7921
3575
4358
2049
7778
5067
6566
499
7831
1901
5986
2857
533
2659
7316
4080
5346
1825
7369
2251
5494
202
6567
3068
3824
7351
5457
5304
4920
5156
6747
8330
3819
1149
3953
4246
449
880
2321
5625
7150
2495
5906
6710
1773
4581
6953
3263
5185
1346
1549
2554
956
2386
6689
3655
6655
3965
2767
5579
6788
2603
1781
7805
8011
323
2267
3163
4749
2447
3527
1913
3296
1918
5544
7517
302
4849
7026
1607
3083
8196
2225
5429
4247
2600
4459
6055
75
1702
7875
863
1008
2452
6609
3685
5146
5098
5807
5770
1661
4785
1847
2775
747
6808
8376
7261
2995
936
3650
2906
7972
4542
1413
6523
2670
5190
1949
5993
8340
6115
6434
2642
6887
4367
5076
3325
8251
1082
2472
3521
3620
8191
7129
4283
5203
1018
2036
6229
872
1851
8374
7885
3762
2963
8080
8122
4816
3173
5108
7574
3757
7774
1759
3417
6568
7557
4687
2167
1310
4073
6870
1712
2093
4974
7291
932
2126
6200
1936
5012
2753
4454
3277
7782
3406
7981
4303
8335
3926
4835
5325
3343
6679
125
7077
4084
8321
8388
5597
645
1692
3160
6910
6708
194
6714
2070
104
1523
4360
5473
7956
6222
7728
5951
7881
7060
4166
272
7115
6671
4962
2047
8359
353
5092
4615
5247
3184
7949
5878
794
8343
6263
7698
1863
5152
3169
519
2986
5496
3023
2806
8356
545
7170
1996
1829
3066
2922
4932
7757
1507
8037
6139
2013
1222
5087
7140
4078
637
825
5006
6285
74
768
857
6536
8108
4664
97
1682
2672
348
6511
77
1889
6882
3752
5080
3206
8120
5394
2110
5895
2101
4997
4937
7569
5711
2511
5786
6799
325
1193
1402
782
380
1691
5791
2177
5336
2252
365
6277
4508
2825
3725
6293
3871
8157
7534
321
5755
5193
6507
2604
5181
3770
5376
2875
7938
5916
3109
6948
5091
154
2816
6791
1317
7187
1664
3096
725
5728
5610
4096
6154
977
1490
4346
6117
6104
7439
791
7498
8378
7655
6636
3105
6637
2956
7818
573
6403
2564
3454
6461
3898
5539
2785
576
5943
4496
6856
8419
5475
7407
1099
1867
1131
6601
2125
1345
7082
3611
7346
1066
1583
6068
472
1527
6189
7240
3517
2508
6728
5289
4368
4406
5512
3162
188
2231
3954
7794
2394
5171
2557
7488
4063
3912
1287
2769
2601
828
1295
5085
8381
3899
4980
271
5903
7162
1938
7763
2385
4241
3743
3867
4052
4468
691
2849
3661
6099
1562
8018
8246
4244
6143
397
5438
704
1766
2100
654
1658
8225
4981
8279
6980
988
6358
1957
4374
3193
31
797
5862
1488
3237
850
3742
5153
5896
5936
6476
2740
7577
2577
6167
469
1971
6076
8154
8311
3404
3533
7306
4706
2353
7933
5017
7767
332
4633
1506
401
6156
1440
4551
6988
5179
2641
7734
3523
771
777
2204
7061
1677
3666
5358
8268
5977
3114
6938
5064
2236
6329
8082
8163
667
5837
5635
6535
663
1097
5955
403
8373
1449
3665
7073
7080
7256
4811
2836
3380
4535
6044
4720
7706
144
3366
4349
915
11
6225
4635
3590
263
7982
4787
7869
3090
6343
7179
2867
935
4260
1037
1547
1623
888
5191
1972
5297
7824
2887
1790
4365
4594
7384
3024
7350
919
2535
4265
2518
3464
5686
66
278
4446
5471
5561
3528
4474
6472
159
6968
2080
1697
1804
624
6821
5377
7269
7042
6478
4347
1624
147
3958
7163
7525
3489
5866
1927
1471
2560
4827
6847
4744
113
2435
3668
7940
7247
5776
5687
4050
7315
2400
6782
1805
4754
62
7797
2802
1087
6614
5379
1171
6211
3653
85
4674
5208
4600
4114
6909
5337
1985
774
3645
425
5299
4947
7658
619
960
2223
2657
3458
2926
759
1601
1672
4657
6879
1570
6114
6079
5186
4180
360
2306
2106
5176
7550
3255
672
5590
8010
2060
8329
1118
4421
1442
6602
1995
3136
3307
4611
2896
3601
6119
954
7601
4110
5250
7901
7509
5801
6940
1956
615
5214
6594
4266
7260
8170
5007
4629
1030
1306
2605
6469
7751
504
7980
5885
4225
7768
4064
5233
6678
564
8127
3200
3897
1297
319
3879
1535
4206
2692
7886
5172
6768
3896
1254
5216
7906
337
3821
4381
6971
1090
8325
1873
5922
5762
6360
2222
2588
3701
7180
4323
7064
4321
5644
6480
7892
5631
4880
1595
3969
1025
860
2933
5215
2411
5295
5834
6159
2345
7399
2288
2979
4107
5364
1976
4796
2193
826
4538
4517
1621
1348
1194
1454
1779
6553
3944
5084
4257
5520
7136
3551
1102
1558
1401
1430
3678
7920
3793
1930
3884
244
6642
7326
7433
1336
60
3773
5839
1756
6019
5718
2656
3286
6493
7332
5318
4328
7108
3810
7563
7674
3822
4497
1083
1356
2533
7787
6676
7547
6327
2362
3865
2241
5517
1375
1388
1450
3058
1175
3535
4144
2373
6387
7663
7735
2240
7837
415
1065
4606
1188
6634
3787
6162
2565
1312
4812
3071
3948
4188
6576
3913
1429
6992
5557
4133
7194
5735
3854
6111
3664
1610
5638
1690
6141
7043
473
2591
6072
1982
2253
5584
7673
7798
3994
3733
180
28
5238
7790
5386
6429
6790
2513
5868
4599
7860
7212
2819
626
5622
2531
4577
7294
2067
8180
5760
4467
3334
3293
5421
8253
3013
7183
434
1705
148
6620
5392
4443
5664
5603
805
5387
277
2664
3582
6391
8239
5558
1160
3304
597
8273
6107
3788
6617
257
5285
4194
673
2135
4005
5536
523
900
5975
2428
5390
666
5815
232
6656
2781
4433
2882
680
394
1360
61
1684
2305
2374
357
901
419
2331
4390
1136
3869
5492
4632
1156
3848
4871
149
3775
2004
80
5341
5937
970
2584
4740
2764
121
716
4808
727
3318
420
7497
291
1849
6172
333
8175
1819
1178
2743
7436
753
1987
8219
4118
1234
2062
2709
5131
707
7385
839
6396
1662
4355
7312
4198
7005
955
6426
1176
4524
2647
3341
5601
4054
4514
7959
5673
7032
6924
3680
8064
6382
3529
7117
4900
6565
5371
7
8052
5460
6425
287
6975
1036
2943
3409
6982
3856
3565
5945
2777
7165
7477
8290
906
5566
614
1327
1553
1174
6793
4788
2497
1508
644
7650
3804
4048
3722
4995
6513
3213
4182
2549
4389
7964
7555
6913
3503
6477
1798
6161
802
3008
6742
1864
4253
1950
242
8012
3509
4238
5939
2416
4543
5173
1890
5605
7218
2473
7606
4786
3268
3543
7616
925
3714
7627
6639
5461
5893
4743
2105
1195
2824
4934
7909
3323
7731
7910
8169
2778
3092
3907
1260
7131
5608
510
7313
3836
8118
3183
7588
7741
4512
8061
2864
4104
2562
5296
6269
1782
3112
2427
2776
1062
1153
7022
3834
2433
5324
8313
625
558
440
4992
7971
8071
4610
6717
4100
4918
6310
3248
7411
2198
5684
1648
6451
6494
358
1512
5284
6487
8142
6873
7636
5729
8135
261
5820
5578
3140
8221
2226
7897
3798
2788
3167
1335
686
957
2905
7856
2292
1735
4960
6645
248
8234
1718
119
1411
4820
990
1546
7395
5499
2809
4889
7046
306
2532
6465
1211
689
4305
6787
40
4404
6187
70
740
3197
3262
233
5135
1551
8002
5230
941
5103
4426
738
3808
764
8026
451
8250
2271
1038
5330
5861
7692
5874
5632
4120
7500
8307
999
1198
2354
7993
546
4149
3052
5855
1765
2679
2320
526
4970
4621
5307
1741
3328
6223
3886
4262
2637
1100
6271
2467
247
7788
2408
1807
3129
4904
4603
1631
980
636
6065
6217
4146
4893
5519
4009
3007
7310
549
587
3187
5923
7819
6900
4978
6067
5113
5188
8391
2790
6127
1466
2439
4643
7595
2724
4059
8412
6816
6368
6364
5749
3935
7066
6341
2027
4673
2207
3339
7028
316
2551
3209
6445
6659
1501
4352
923
6970
5147
702
1944
7320
2182
7573
7745
1003
1876
4723
5946
2042
647
3789
7459
4282
3276
1496
8068
6331
1368
3041
2566
3981
7682
3839
6482
3634
2784
3426
779
781
2919
1678
728
201
8198
4713
8045
2524
679
3400
427
1633
7224
7280
8087
5204
3846
250
2088
4587
5384
13
3117
4661
6986
2570
2627
3104
1060
5702
1017
5996
155
4275
7106
6707
4547
6455
1732
721
1067
3735
5881
3241
6061
6353
3979
4179
1455
313
6750
2120
169
7088
167
1485
876
2970
7343
5424
712
7272
4294
5927
898
7023
539
2284
3486
1541
2053
1590
3840
3202
1881
7263
8159
3327
1637
6949
7699
6538
5292
7094
7451
5750
1134
1831
5768
179
7968
5128
743
3598
482
1647
5914
1294
2879
5731
3228
8327
4977
6907
7230
3141
2814
7015
7100
3674
6688
4121
3310
4848
5782
4899
7661
6227
8124
1135
4516
942
4691
4679
963
7390
8200
7932
6721
5568
5500
7866
3537
3336
4176
2154
3597
7215
288
3351
1425
1424
4458
1772
6204
7283
6723
5223
4422
3676
2141
3510
7780
8386
3176
2904
367
2153
2165
2382
524
1116
4618
4506
3387
295
3226
2782
2998
182
8117
1334
2065
7619
1919
4103
7777
4322
3352
7110
5458
3150
1096
690
5434
6748
5062
4236
3635
582
3585
1977
1857
5057
8081
4823
2964
612
2422
3545
4669
2718
6205
5104
5199
7676
621
4656
1111
6702
3931
4126
7578
446
640
2705
5118
2866
4763
5647
1841
4219
2822
4828
5908
7594
7282
3222
5524
1304
1879
4028
5314
5883
350
4589
6733
5972
641
6050
1649
2352
4373
2728
7068
8177
6810
3519
3471
4645
5274
4613
1020
5327
7758
2612
773
3641
5849
7195
2927
5748
7727
4905
5738
2786
5010
7338
8233
5925
7605
5661
1740
1142
5078
5411
3768
6118
1308
5775
2881
5045
632
6012
8399
2898
4075
1885
4451
4492
7716
4001
4972
4264
411
6640
4147
6193
4507
2133
2200
4702
5751
8032
5571
874
214
8354
4988
2234
5720
3728
5248
2052
7580
7858
6958
6024
6690
4572
4161
2038
6239
6589
6258
5343
2902
5518
8090
4859
4340
3148
2183
1733
910
5962
7685
8153
5073
1882
1353
6657
5373
7531
407
4999
7311
7775
7024
7879
650
2247
7853
7952
4289
1946
7625
7154
924
4460
5933
6446
6405
1233
6173
89
2343
5231
8393
4843
2461
8207
1122
1653
2494
6896
5313
2279
830
3319
7581
8181
78
7019
4620
3593
1643
2644
1145
5225
5488
926
719
1405
3124
5534
4565
1902
8113
4041
6837
7037
7018
4397
4500
1103
2585
1191
2215
6467
2451
4544
1838
914
7464
3047
5747
46
930
692
5123
7366
2623
3337
6233
1552
235
4642
6811
1161
4453
5505
8315
8149
5840
8092
8057
4031
405
8237
2669
1245
3313
5794
4056
819
4291
2543
4875
5792
7245
7893
4435
4449
5160
7357
7538
3421
7226
6498
5166
1892
5393
3212
2325
189
8134
7344
867
1394
8332
3
4888
1660
5417
6628
6432
4838
7396
5879
7454
2375
643
4495
7435
570
7045
7579
3946
5086
5588
6460
6505
1531
6319
5713
3973
7185
5682
750
6463
1685
3358
7067
3550
7859
6942
5372
6646
3736
258
3555
7894
2397
730
7864
5699
3500
2159
6592
6987
6922
2689
8036
5089
3414
2430
8396
1704
7975
6121
4912
5124
7174
220
553
3605
3394
3670
6966
4138
5816
2476
112
6840
2917
1754
3581
1381
3651
2327
1858
468
3257
5383
7250
7085
6313
8148
6937
5016
3492
2804
3446
1922
1414
8172
5235
3171
739
8236
2663
5949
3159
6629
6088
3364
6977
7192
3472
7452
5985
6390
7686
5234
8186
3466
4343
6378
4411
7355
7198
3302
3125
6715
1862
8195
2910
8209
1751
8328
585
198
4331
6006
5002
2633
4023
6783
5850
1516
7182
7962
1959
5472
1296
1744
136
2136
3043
190
3806
1482
111
1794
5344
3385
3062
2686
3895
6444
580
542
1814
2128
8284
7963
2311
6736
5675
331
6807
3928
7541
3530
3911
8003
458
7025
5742
3015
5528
6850
5452
940
7473
4170
3427
8238
5941
2402
1269
6093
4154
577
7927
7167
4393
4536
5175
7373
4688
2147
4006
7107
6831
267
3080
5312
2823
6761
4801
1731
5130
7890
4338
5334
6725
4839
6305
6281
3784
4375
158
392
588
6289
5947
3153
3480
3562
1196
7598
4400
1291
3491
297
5412
2211
7626
5200
1316
6152
3252
7279
4419
7281
6812
6098
6705
886
3306
1492
5706
6950
2111
7642
3235
3321
2626
5745
133
5612
2465
2481
3921
7779
8165
4466
7865
5240
3642
3639
3059
5361
3764
3361
5901
2514
6489
228
5192
1168
2736
3663
812
1432
4802
7191
1448
4273
2978
5708
5540
3850
3689
7624
6325
1023
746
6206
4910
8131
6301
6164
5256
4183
5339
1599
4990
583
2839
7137
6294
5530
3476
6025
1074
7880
4215
7721
7011
1673
7432
2299
7565
780
3077
1895
5276
6177
6963
7405
3265
3419
3541
6615
4562
7715
268
1246
3192
6995
1332
3908
718
5440
1001
5430
6519
3995
6504
5139
438
8361
2766
3765
8383
7235
2522
4077
1208
2738
3371
5911
6037
6697
275
3413
4067
1385
6607
7466
7756
3438
205
4448
8000
16
1576
7852
226
4806
479
1363
1626
2812
3199
3679
1031
7273
4086
1481
1597
3416
1139
4931
1263
5
1158
3267
2556
3198
4237
3522
7659
5653
2410
1474
8066
4334
4647
1483
3314
6884
1980
6644
1537
4463
8214
5270
2725
810
6572
6859
2899
2158
2618
5003
6933
1861
6235
2597
1340
1437
4965
6010
4071
6894
8205
3506
6416
5886
837
2035
7234
1240
7759
4032
685
4686
4134
6354
2930
35
236
5142
1716
1237
7618
5655
1051
6772
5869
5207
164
6903
8288
6630
391
5148
4881
5168
1309
3844
5694
6031
1503
5535
6149
308
6262
4416
4829
1431
2131
846
1584
1872
3868
1338
5302
5581
3718
3245
1730
5268
2115
7697
21
5402
6045
5385
296
3473
43
6581
1738
1970
1179
5326
6526
651
3275
3961
7984
5613
3763
7877
3692
2214
6501
8077
6414
6857
3078
4701
6372
310
1104
3732
447
4081
5420
1567
416
5641
153
3990
5743
3191
5677
5096
3075
1377
3388
2155
877
3657
5375
5958
3376
1820
2489
6946
3690
7376
2008
2282
5245
1323
7276
5704
5630
2959
237
6547
5058
5715
1379
1288
88
8266
1059
5969
5360
578
5316
4684
2893
3113
4509
4270
6138
8125
6016
5000
7484
5778
8260
5803
465
4519
3857
3938
5844
4445
2732
6502
2160
4178
184
1969
3614
1144
6356
2848
4117
6386
4716
7904
4557
2975
2598
8229
1931
8086
8107
3298
1273
1614
8164
3807
3511
2276
7353
8055
6957
7645
2751
4461
6716
1091
6404
2581
2488
6947
6562
7592
2192
2318
4127
6333
7239
720
6441
2946
7717
4164
5777
7593
4442
1750
1399
1344
697
5400
3174
6488
7519
5340
4414
2991
2308
7725
2123
2948
813
7295
4068
5759
1529
6530
7973
6845
7629
1793
5976
4335
1125
4898
6290
47
5151
2033
7776
2758
4574
409
5206
5056
5873
2335
6732
2744
8183
217
2184
5880
29
1513
3089
1232
1659
2263
894
5681
2202
7070
5712
3403
7091
4954
6438
3499
3812
4614
6047
1098
1636
4608
5380
3610
2270
1069
2146
5446
889
7646
1619
4499
4290
1877
6518
4153
3182
414
5501
892
1236
5224
1753
2075
2359
3457
7549
25
7656
1886
6597
5486
8395
6935
2255
6663
3933
3956
5698
5508
6877
3247
522
3085
4666
2102
1172
1184
1113
7372
5963
4710
3020
1978
5548
4927
2841
6756
3056
3022
6415
3608
7591
4039
7120
4725
1213
6007
6275
2868
933
3051
2874
1775
7492
175
3493
3769
2028
4696
5366
8353
1366
6435
2455
461
5381
4554
3284
3003
2646
309
8184
8025
6171
3989
1396
4956
2486
6351
7374
3959
5772
6711
1150
5732
1593
2901
5427
6915
4939
5041
3033
266
2334
5891
2453
1681
3079
2582
579
7151
6984
5447
6878
8401
3707
4296
1652
715
4092
3120
594
145
949
6955
4111
1301
76
7664
1109
1418
6062
8409
944
2794
7522
4235
171
7189
4745
4245
6841
1620
3862
4752
1510
6398
485
6792
387
7386
1006
2835
3450
793
8114
2885
335
1085
2045
7393
262
3893
1935
8158
7083
4798
7152
2576
3612
3849
5516
4986
7970
4730
1939
3980
6803
2339
1802
6030
7638
4189
4709
5790
1912
5717
7289
5335
5533
2861
3305
7238
4192
538
5773
8351
6932
5121
1817
3494
5209
1164
4364
5701
5719
6976
269
7171
7092
3273
4748
4377
8227
4384
5991
343
1983
3945
3872
211
920
4000
2695
1871
7977
6182
3264
1777
4923
606
2908
6109
7929
7883
1057
5953
6134
7335
3686
6374
5856
6352
1992
5804
823
2500
8385
8296
7181
3378
6401
203
1180
8293
969
3695
7284
364
1212
6864
8065
3054
1582
7003
2132
5279
1707
2925
6123
4805
7528
3563
6604
6729
4130
191
1479
1123
452
4780
6436
430
3811
515
4228
6447
2828
6545
3231
7793
3283
3616
3453
2363
4036
7764
4223
2701
4957
3637
4307
1462
5011
8286
6174
4272
792
4020
4782
4682
5617
7895
7762
3037
132
385
7229
4851
3498
7176
8323
6003
7495
1951
5905
6270
3513
3625
1538
4864
6181
2224
8034
5328
726
7403
3539
4491
330
6587
7141
1870
2016
3753
4102
7264
878
5106
1137
2071
6220
4741
6397
6145
4124
386
6457
1044
4690
7135
7169
2448
3391
5964
6514
845
135
6113
7453
2372
3831
4129
1328
1197
2084
8252
796
8050
4008
4333
5695
1960
7377
1364
6069
4136
1279
2360
7116
7583
4534
6881
7807
1162
3684
6865
3577
2797
4761
5549
7600
4269
5479
8309
4711
1629
6777
7705
3841
3349
7371
922
7427
2152
851
477
5065
724
2676
6393
4595
6208
1451
7479
1916
5907
4850
3294
1206
362
5971
3818
2636
7597
6226
2873
6230
4800
2915
2426
3880
429
98
3046
5047
4196
5445
6509
1170
5538
8417
7008
1617
2587
7825
4105
2064
1801
7270
4936
3412
1710
4388
5040
7097
2983
788
2172
4719
4979
2984
3455
2833
2735
2681
8182
6392
668
921
1536
2545
2894
3279
3734
4783
4115
6775
2994
4612
6210
240
6337
2458
3972
630
3365
787
2729
2406
7738
843
4933
5444
8194
7122
5758
5965
4413
2589
4363
6778
4563
6652
7075
2285
4692
2206
5183
1319
8245
6440
8062
6600
1217
1433
199
945
3039
2119
2810
108
289
5004
5220
2952
6546
2046
8033
3253
9
6815
884
675
5616
4883
3329
5218
5817
3875
844
5110
1151
7535
122
6685
985
4537
5576
5870
6131
6142
7708
2180
5109
1789
547
4430
160
439
1827
7637
2230
4944
5050
1486
2471
3538
8016
5305
5038
1421
3567
4630
8100
4362
811
123
2628
778
4070
3905
761
8041
4276
8302
3259
1349
6727
5396
3780
7443
6766
4216
5645
2233
7657
8048
4324
6252
7802
2068
6499
8004
1106
1708
4142
200
2001
371
298
478
3180
5663
3315
5117
5254
6137
2884
1826
5626
1120
2272
6832
4128
8291
2444
5563
1277
6764
3870
4826
8262
2996
4113
5150
1569
1828
4139
4665
5983
400
5591
4778
3211
4767
7761
6347
7703
304
7478
2029
4771
2855
6770
54
3238
1446
8326
2590
706
4177
2954
6284
633
8
3858
4428
2417
2708
5261
2503
7905
8072
2711
7383
7947
7278
5418
1221
6830
163
4817
4440
7244
3405
8272
4546
4770
23
2716
6994
5979
3891
2104
7016
1612
7010
6279
376
1669
1680
7303
5257
4167
8380
8375
1436
3178
6268
4076
4292
2909
6090
7744
869
7030
4109
3963
1657
8324
5574
5665
7666
6039
6934
1460
1302
4383
127
6653
5592
2201
3424
4464
6188
8297
6901
1467
6209
6166
7937
4398
4784
891
2920
7476
5814
6997
2671
7939
8144
2438
7076
3295
3331
5009
2185
4026
1850
6525
2328
711
3057
7101
8115
3900
8132
3194
4733
1533
1426
5915
7079
7726
3311
4644
2702
6959
1719
605
6806
6669
373
2098
2457
4968
5683
6622
7188
6647
662
531
1749
2773
7109
6322
6092
3210
241
259
2865
2034
762
1998
2389
4693
6734
1933
7472
3392
5577
1853
346
7849
8269
3102
4637
2307
8093
51
2291
709
3820
6214
3724
5660
842
1571
3560
4370
1391
426
6683
2122
2244
7707
1404
8095
4759
2568
6921
7651
1622
6146
2965
5589
6876
6998
6612
829
5497
4799
6334
5550
2190
3001
1470
4844
1270
5846
1763
6695
5431
6890
3396
4062
5721
6051
6954
7127
596
5532
7916
6906
7918
8128
1169
4083
1774
2730
6585
3778
6920
6346
4394
3149
249
5482
7985
6521
760
460
1050
6355
464
2022
5737
2173
5642
1948
42
1762
1114
5587
7339
6899
1679
7873
1745
5433
4678
7542
7590
1227
4267
4638
334
2039
3488
4742
971
283
6428
6666
7409
5685
5449
4854
7503
2634
4409
5136
6267
4902
4867
671
7924
372
4897
3407
8342
5954
1963
2396
5212
7324
1330
2916
5930
1634
3915
4689
1329
2078
3019
5286
2608
7069
3518
5957
8362
8060
7142
4917
1127
6070
6179
4597
8406
2680
6624
5897
4601
7612
2218
3487
1147
4830
1594
4424
6215
7400
6323
2961
4885
883
6681
65
1914
6087
3586
3987
7718
3830
1410
4410
30
5594
6569
5714
1192
1979
2179
7301
7084
5365
2434
3902
5741
1975
6839
2854
347
8040
7766
749
3559
987
7950
6043
3132
33
6112
6889
509
3189
5241
3091
6407
2000
1457
276
2891
3338
4243
5624
2688
1248
34
1339
1251
3170
3346
3497
4622
6470
5763
7086
2043
5311
131
5565
3832
1173
1204
4651
5997
3910
5670
5288
2721
4274
5917
5068
4072
5809
6858
4922
5982
6418
3739
140
7138
58
5618
2941
5998
6278
8070
487
7398
4385
339
6939
8189
4579
2731
5798
1578
7354
5391
2550
8190
840
393
2464
7286
1942
1337
5932
6303
86
1904
2186
6667
4718
8161
7307
4891
2750
5705
404
2474
2443
3607
8415
8224
3324
5275
5693
6021
6202
818
2567
6623
1397
7223
4982
5668
3594
852
1540
6380
6022
1791
8270
6250
862
1810
6009
2056
8019
252
7349
6324
5205
1997
551
139
2082
1112
7499
8295
4652
6420
7966
864
1989
3698
7652
1026
5753
7667
5646
5671
5293
5126
4401
3883
2485
6462
3890
6648
7783
6773
5269
1586
6638
193
6224
3347
4746
3439
3271
6033
789
4456
5202
6135
7446
7662
2355
8073
1056
8138
1783
6691
1272
7992
82
3658
3469
6543
105
7634
6524
2246
4366
1183
2846
7368
3281
5780
4942
2083
5785
7810
1412
4471
8333
1241
2199
3964
4926
6213
2250
527
2719
6080
665
742
6829
3002
2923
4079
1952
6588
3675
2746
3475
3063
7210
1361
1342
808
7730
110
6100
6801
737
4271
6362
6424
5228
7093
209
1398
6621
1042
8319
4732
8020
6175
5823
6316
2087
5263
4033
4758
2912
3799
5008
5141
7123
4279
4559
2940
4540
1456
1452
1313
912
996
7205
7539
4024
6248
2687
7327
5696
4646
4017
7236
1651
736
7621
2507
4407
7566
3561
4314
3740
7367
2843
7527
7988
803
4021
3918
5822
5689
152
390
8096
5451
1267
8152
639
1947
3225
4513
6497
3233
4088
7267
2780
7056
2312
3797
6197
8363
6318
2309
595
4053
2968
3431
3966
7989
3175
3485
4022
5921
7323
3258
7620
4571
2640
967
7995
290
832
6964
7813
1700
5237
1244
1517
7143
7468
5331
5265
109
525
2421
8230
7318
3547
5464
6422
476
1603
1641
2079
6990
3139
7251
441
1575
3705
4268
1588
1737
2973
7530
4490
6737
7388
6814
4420
381
1408
1706
216
8337
7742
5441
7556
7640
4984
7493
4325
6253
1052
2357
5027
1632
4488
7792
2055
6190
6242
4475
4596
7153
7561
3909
3272
1013
5105
8263
5414
4529
8009
2371
2178
6828
1654
2492
2638
2706
4359
548
3790
1934
7441
6000
4191
6120
4722
2260
4402
8168
4585
7302
3118
3855
5679
6503
904
5266
7654
7055
2168
2289
3726
5600
3673
1598
5864
7871
8341
6286
4726
5521
1084
178
5629
2265
5707
1645
2313
3049
5070
3297
270
2505
6147
6660
1219
2830
1157
3630
7537
1888
4065
7356
3711
6584
8204
1427
4983
6665
5277
8407
5030
37
185
2116
3892
4672
8021
6125
1803
3943
2245
2365
1465
4699
92
3433
3727
7785
6798
4097
4578
3340
2502
1076
6056
4171
6743
4135
2130
2818
552
3606
5332
2156
5676
7199
6635
2026
5929
4793
225
8369
4858
2097
2103
1487
293
83
7364
2351
822
2918
6549
3923
871
5349
17
8049
2631
2527
8030
7299
8031
2268
4197
2862
838
5019
3490
6004
1165
4863
307
8141
3583
4721
5826
312
8281
1701
5149
8408
6981
284
453
1303
1836
3326
3930
6735
3952
2586
6978
68
3201
1205
7961
7412
6453
5036
7095
5757
5232
3196
4042
7426
264
618
4300
3772
3919
5165
1721
7258
8243
5195
6658
800
3501
1000
6698
1278
4211
1676
6015
7098
7615
1494
5356
6091
4437
8368
5102
5952
4226
5463
7252
3084
7722
2795
7017
3632
3677
7254
7275
5303
5260
6573
6029
7072
1472
1266
1428
2757
6126
6751
39
117
5526
7978
2347
7209
2007
1758
4654
7804
2832
7942
2953
4337
5734
592
684
6542
3261
927
2040
1247
4131
634
1923
2051
7946
1387
6891
581
5177
6951
4570
3133
1628
24
7164
7134
653
1746
301
454
4003
5537
554
7431
6541
7829
6598
7896
7540
8156
6307
6170
3860
7822
2931
7983
5560
8298
3317
5504
1441
7543
3887
5623
3643
3713
7207
733
7160
173
3484
3755
4066
2932
3795
5789
3760
5583
1539
5652
5802
6704
5546
3012
500
7508
744
2762
5614
5035
7111
951
5409
8303
7465
3976
5509
1372
5722
6219
6060
7348
1007
4928
6140
2333
4462
3712
2425
6383
2614
4137
4351
3006
2436
3145
4486
8202
1581
5491
1752
7689
7173
6
1045
5088
2544
1253
69
177
1311
6534
8216
4623
7800
6672
7009
3230
5766
2510
7214
7748
1480
2872
3554
8197
4412
3229
1258
8387
5511
8217
6274
1955
8105
2747
4356
6388
674
5522
370
5082
2280
4405
3649
5252
1400
649
5354
4099
3274
3628
4739
6052
2691
3750
5799
3873
7114
7425
4831
6129
7421
1231
661
4626
1984
7870
7936
8258
1640
2561
2592
1830
7596
7455
7679
1859
2579
4318
3260
2726
8306
2683
8248
2189
2620
5857
8203
2913
6474
1530
1371
2558
7361
2409
2298
4378
2164
4108
2490
6611
8015
243
5662
195
1043
5468
4069
5667
1354
8188
4494
682
8372
3342
7815
8257
327
3993
1611
4975
2243
2449
4728
3110
2655
5043
1605
5640
5465
1352
7078
4919
7105
73
7951
5432
3144
6306
5236
865
2262
5835
8038
1351
186
8301
1224
4533
6103
1932
2958
2010
3399
329
676
7935
7846
1925
3792
1257
8392
6706
3155
5650
5111
6902
1785
4993
7417
7683
7266
4106
4046
8078
7965
6464
3320
8379
2610
8394
7387
6570
3128
7900
7325
4593
7863
356
5567
4205
1770
6377
7928
5369
5913
2459
6370
7331
1117
5889
1981
4155
6128
3939
966
8334
6537
1709
1068
2668
6952
6855
7370
4809
4909
1347
3203
3288
3998
7670
5980
2025
7710
2145
7739
2992
2666
2319
890
5180
5507
1812
5262
8405
4548
7803
4650
8265
7850
512
1683
8397
3566
1596
2483
5239
8232
4607
4145
7878
7998
8377
4580
2099
6260
821
8371
7397
1079
6780
6680
3800
5051
4217
1129
2528
2632
2344
5090
7997
1046
1667
3767
5015
2148
7604
616
1148
7049
4822
7287
315
1141
7967
7496
6338
2962
801
4007
207
2429
8179
1815
4943
4002
8140
3425
2151
2203
2261
3038
4803
5487
4776
5474
3999
5513
1095
5851
7087
1616
4948
5892
1463
827
2783
1115
5425
4354
3240
1834
3697
1698
6673
6805
6110
7418
7401
197
342
448
5894
4444
5278
6448
979
6774
5788
3299
265
5599
2470
3246
7243
2837
909
3881
2014
7290
7820
7148
143
5854
5754
1515
4840
6875
5761
6888
3504
7912
3526
7365
5315
7512
7694
4481
1580
8360
4624
7945
6058
7999
418
1110
5485
2380
8305
6014
5426
2675
1973
2217
375
2274
2652
6449
7688
3759
2337
7156
8338
3629
7296
3026
7450
834
213
1808
1917
3985
7486
1300
908
4683
8410
6254
1061
6606
4819
1152
5413
6852
7248
3028
7475
7334
6754
2134
5651
7567
444
6916
2405
6385
4227
4856
5580
2221
2583
2569
7684
5863
1966
6500
964
7029
6709
1811
2960
530
2220
7872
3815
6452
6580
7553
4332
731
3154
150
710
8304
1341
227
2515
3429
1458
2942
6752
2210
5404
6555
893
4586
7647
7502
8244
3587
2673
4204
7608
853
8382
4429
905
4680
3190
2935
5416
3508
2195
4662
7559
1602
2693
559
5942
1101
1283
6824
1579
3691
7054
2286
7408
168
2366
2578
1566
5950
766
995
2876
2370
3929
5752
1921
7071
4677
7862
6291
776
2440
2219
2727
2911
3874
7430
1897
4298
1265
3936
1818
7494
7337
3549
1064
8167
2682
7957
4757
3717
1715
5709
1305
2799
2541
1130
8274
6265
8355
4668
6361
6796
993
15
4973
4602
4175
784
6298
688
2703
1105
6911
3525
57
421
5001
3600
101
3161
534
4233
2501
7416
6559
6085
1504
5031
2072
5114
3055
3777
5138
5931
4772
5272
5865
7913
2575
1384
1509
1837
1832
7840
4439
1564
7643
212
6064
6231
2715
6363
1907
1058
4946
6863
305
1138
5637
3507
6335
7736
3853
4914
5774
2987
6203
3950
495
4165
4239
1271
6533
5221
2196
6687
658
4187
961
2745
7711
7505
5137
5170
7772
3157
1577
2607
4301
6471
32
4320
1189
2258
4427
5388
6034
4174
4916
6843
8210
1071
361
2707
4890
7564
5678
6866
2208
6834
5249
4162
3531
4865
3422
870
6409
3636
2889
2381
1967
798
6026
3924
2772
5034
4866
1666
1990
3794
3828
3009
218
1816
5021
7347
1181
6677
8390
713
763
2480
2297
5733
3353
5052
366
6247
608
695
1703
4704
2191
3418
1047
4894
4575
1760
6599
5368
882
5267
1534
2020
561
1282
4049
841
3119
6423
6661
1143
4552
7193
3474
520
2300
7001
4862
1806
916
7747
6365
6703
4790
2349
572
4667
7922
7554
6057
1242
989
814
5723
3546
8402
5403
3621
4190
6483
5456
1190
4617
1615
7755
7104
4582
7090
8278
7487
7903
3721
772
1274
1736
983
2537
1268
99
3107
6554
4590
5783
2573
4510
5853
4649
5598
5115
4484
1880
67
4209
1275
2228
859
1846
6918
2418
6315
7437
6740
5514
1941
7128
8350
4768
6762
7521
5812
4526
902
5469
496
7149
2109
1459
2107
2332
2803
1293
4949
4882
1252
183
6040
4016
2169
4212
3166
1186
6349
1249
474
4994
493
96
2651
5918
648
5836
4344
5154
7292
3111
4991
7461
3580
7828
450
8352
3456
3131
2137
2254
7406
2630
1215
3239
6071
6508
5847
8226
1560
129
6769
1415
4357
5636
8121
4886
7402
2336
6105
2820
2140
1343
3633
5860
4361
2063
4441
5187
5347
3098
5077
2869
5956
6008
5338
8285
2227
2414
3708
2275
1929
5555
5935
7462
8126
1609
5502
6613
2021
2387
4220
6771
3332
2340
7144
1717
8129
4043
6046
4299
5666
6849
5572
7958
6564
1093
2058
6577
1420
494
2316
1080
5858
4302
2239
3703
8276
683
7979
6186
6862
3805
4869
6133
6551
1155
7206
4825
5944
8349
503
3842
2032
369
8097
7053
4195
1015
1638
1423
2341
5127
151
81
3285
7536
3916
8075
1389
7221
1542
8254
3584
2900
4605
1243
1256
3269
3436
6627
8218
4436
4969
349
5020
7653
1140
1968
4896
2442
681
8174
4310
4872
5184
7208
2530
1613
4895
4263
1505
1843
4040
6359
7515
6820
8199
2878
6101
1548
3947
6411
3693
5079
6781
4915
379
1839
3205
7241
7102
3097
1086
5350
4403
7791
3624
5867
5669
4773
4013
5875
3619
1568
6578
3316
7035
424
7660
6328
6096
3333
7861
4057
4569
7380
7228
4631
8083
2188
4527
4887
3151
4277
6967
4940
3988
4123
3372
642
1524
1699
1729
3445
5596
5119
3135
2338
6512
1696
7379
3719
4523
2774
7274
4764
7773
4792
1383
435
6892
3016
1004
2009
2611
7507
3660
2754
7225
5961
2445
8403
5904
433
1438
3070
1693
4210
3195
6153
5066
5164
1407
5280
55
5422
1187
5063
7693
505
3852
3901
4515
389
5825
4132
6492
4670
5607
7954
4938
4203
8130
1489
3681
5690
2552
1525
1216
7882
2364
3408
4181
4736
6818
5401
8411
7044
4140
1223
174
5359
7623
4015
4996
6083
6744
5217
107
4222
3134
8283
3602
1887
4715
4781
2741
5674
106
758
2077
3204
2787
6561
3018
1094
4159
3934
4876
4731
502
571
2838
5083
1365
962
7304
2176
1573
489
1572
3301
4952
5013
4676
6722
2553
8133
2895
3667
7649
118
4035
3723
2404
5100
895
1374
6758
748
1986
3031
694
1154
5575
6996
3544
4845
4501
2593
657
328
95
1314
1757
1041
6018
6618
6191
1797
7352
3048
6369
7844
3482
1469
7133
6926
4760
2563
3745
5988
501
6789
3704
5628
1075
3766
8162
7677
7159
3430
5900
6002
5053
1439
8192
7322
943
5484
2982
4833
6605
6759
2329
7847
3599
4837
4685
6917
656
4804
5968
7724
7119
7020
8076
2516
5378
2989
5872
8294
1769
6458
8151
8215
5990
2314
4004
8249
4455
677
3514
563
5410
90
2847
5796
7253
4295
3574
5697
6330
2383
7146
7891
6819
280
4901
4234
4242
1199
4955
2547
669
6596
599
1292
5627
7696
2348
5395
8074
6078
866
1250
1604
2089
4051
5919
5527
7672
6583
3181
6155
7319
6625
6961
8109
3914
2540
4712
4396
938
432
2091
751
7125
2539
4148
5800
4639
3152
1163
2722
6295
53
4030
3379
3035
48
8201
1924
5784
5989
7358
5382
4391
7317
7201
2096
4330
6163
7691
3925
1563
4568
2629
2412
6259
481
6468
5061
303
5029
6943
7898
4660
3986
7506
5510
5301
3783
6450
3282
4061
6144
1686
2415
3208
4487
8312
5902
6340
6151
253
7572
1355
2529
2469
5805
3573
568
6515
5198
8316
1514
4842
8366
490
3411
2175
4505
7808
2484
3738
1644
5609
3604
2945
590
2616
5291
1108
7902
7330
1532
7675
2704
3460
7635
3957
529
4857
7155
2698
7389
5966
2350
3803
45
4218
41
3568
4634
6345
609
2817
7781
2870
1526
3991
6833
8365
790
931
7391
443
6495
486
6314
699
1447
7520
6097
1225
2756
7413
1656
3817
4101
5978
5920
2393
2649
5948
903
2005
3280
5569
701
4925
7695
7460
8187
537
5746
1264
2023
3242
3992
5657
2674
279
6249
413
8398
7041
3087
1589
881
5309
7614
593
3082
4503
2378
5831
3669
1230
5620
6548
3094
5405
7255
589
4376
5308
998
5810
3459
6357
2238
1875
1561
7410
3368
6800
4250
3221
299
103
1406
7617
511
7584
3254
3034
2621
4518
7582
1556
7801
7545
4907
6490
326
2118
3465
3646
3706
6869
3748
463
1608
6928
1900
4425
2446
6421
994
6287
1675
5415
6094
6036
6633
4729
2450
3447
6272
1868
204
6412
6686
3974
3978
804
4567
562
3903
5167
6670
2090
368
5255
8091
2413
1920
4011
124
210
4012
7000
617
7874
5593
976
4815
6221
2324
835
7514
7602
3823
631
4395
5320
997
3816
5909
6074
7806
7203
2249
1795
59
3837
2555
1027
6854
1792
5648
8300
765
3731
3682
8317
4821
5830
809
3589
7796
7483
3557
1024
6082
7177
7309
507
540
6804
1121
3330
929
6826
8259
7585
4339
3552
36
3997
7994
6765
3699
7445
6898
6813
2278
3851
2407
1502
3335
7887
2525
8228
1
3069
4762
2571
6400
6196
6266
6927
6694
5258
94
591
7285
3672
6073
6860
7720
2599
2248
6180
2281
3462
7039
5044
7668
1203
6283
3917
3384
3720
6160
4213
1874
4738
3888
6158
2216
7204
1382
2752
3826
6379
6825
5363
5845
254
4765
4493
2697
8022
8023
4037
6641
91
1521
5407
734
7007
4766
4769
3627
5542
5654
3389
3402
5081
2498
705
5606
6232
1878
5093
6136
6395
8413
6077
4087
1333
1884
2006
7404
4998
2654
4116
2509
6919
7434
958
6506
820
4208
5436
968
831
12
1078
5595
3496
6945
2595
8001
604
569
1040
6413
7481
607
7063
6184
3292
5194
4055
6699
7518
1555
717
4777
1937
6871
6299
2273
2800
5259
2619
6867
7733
5813
7603
2938
4549
5819
4408
422
281
18
2763
6207
7644
4818
6616
5134
8014
3142
8007
3536
598
700
3072
3502
2596
7081
2742
6243
1497
7523
7827
3984
5692
4929
1167
3648
3942
887
7843
6749
7749
635
