8812
5312
5110
15
2578
3746
10721
5196
4413
7903
1764
11011
5431
4168
9510
210
7557
1290
11109
5168
3423
1179
5245
6384
7167
9592
7075
10044
331
1364
10362
6823
10961
4869
4879
1308
1512
7334
9107
684
7874
8649
8642
10509
5426
10975
3996
7560
2697
7888
5019
7492
4171
10822
2182
5211
5303
3542
8714
7152
8800
8153
1478
8636
2479
404
4829
8850
10826
8456
8709
644
10085
7386
939
2525
8892
462
408
3320
890
6400
9902
3610
11043
5048
10332
2909
6226
5041
1633
8411
5201
10912
3064
10260
1461
3458
223
2097
1814
3683
1770
3559
3650
8144
11074
4788
6066
1641
4669
6059
3534
5898
4087
3605
5513
1315
9028
7536
3597
3311
9407
1629
10835
3239
1637
5790
806
3358
8492
845
10953
3682
309
693
154
1559
1162
919
8115
3329
7860
10579
8584
3289
7214
7630
7855
9357
8622
2126
7277
150
8875
3238
3367
4000
5799
5590
9463
6054
1154
4560
4148
4851
2594
3315
2299
7394
8428
10901
9627
1050
2941
5959
5795
9687
5220
5573
2151
518
4476
4816
10569
1791
10134
9468
7148
1092
2949
1025
3899
1489
6747
5766
11066
5568
1132
8098
101
4125
5332
3227
5278
9486
3252
1903
10152
8351
3261
838
5565
3647
10503
8868
3251
5146
9640
4014
9091
10336
10577
6798
2329
8688
2625
5258
10610
6876
9027
5022
6517
9350
9548
10444
10537
2527
583
4488
675
7534
10326
2245
9023
7130
10184
8988
2318
3073
5518
8727
9193
6520
10956
10769
9431
589
10898
9376
8457
9801
9746
10606
3561
2310
2684
5616
1589
1260
9988
10527
2727
3965
6248
3665
7312
7618
2029
3687
7115
9659
51
9609
4743
9903
1961
9058
5001
2320
716
8101
7211
10490
1839
2080
8535
7955
9709
9309
4266
6552
426
7995
9288
136
3608
699
9508
2517
4498
128
6890
144
9628
8477
1360
1793
4886
1283
9757
10399
4029
5477
6129
86
6002
7206
9721
11017
1986
2134
636
4928
5433
8080
3334
5690
8848
6928
179
5594
16
4757
10986
6441
7839
8561
5417
3048
8341
5933
9634
5539
7046
7527
4987
5869
2373
5098
5223
8032
10740
2411
2565
6076
10033
4753
7693
10380
5261
4972
7668
1507
6304
1015
2248
1114
4079
4175
5290
3738
7109
3473
4013
2308
576
1009
3294
2785
3502
4786
5720
7856
4290
316
10257
10124
3244
2334
7571
5533
3270
8480
4208
5155
8484
10061
5150
4490
4263
6358
2003
10007
5105
1201
6773
10767
3212
4664
5642
1948
6901
7457
1578
9818
4617
3396
4950
7547
7340
4379
8299
8568
6404
3286
6301
2240
10452
5914
6458
3222
6618
9836
10404
4608
3384
10113
904
6485
542
9808
10818
654
6433
5739
3711
1120
7932
9471
8106
4291
978
8468
714
9138
356
505
4297
2736
6965
9199
938
3848
20
8885
2379
7004
4830
3537
9239
1712
6283
1669
7566
1976
10645
3772
769
1381
2261
7221
6385
4246
4938
10106
2381
8109
4500
10171
1901
5240
165
9229
206
3841
9388
3147
884
8295
5403
10584
10397
4920
8006
9328
1938
3158
5604
3015
6324
7031
785
10186
4199
7186
10757
5083
4592
6920
8695
81
3020
10129
4599
8879
479
9964
624
4839
10498
10349
6549
10726
2002
2846
7453
1780
8336
7129
7468
9782
1955
10599
6297
10813
9898
6240
1568
4105
11026
1583
2865
969
5334
6617
482
6613
8712
10258
8870
2666
4362
8283
6008
8003
8993
1884
6599
208
257
2203
3215
1022
10521
5702
3163
8067
5888
6223
10442
3365
9416
7384
3726
4961
3736
8559
5127
10733
2131
8660
9424
310
167
3901
8969
7455
4908
6212
8811
1110
2886
4169
8043
8089
9812
5341
8963
10864
4951
7013
597
2754
3699
2086
2443
2529
4923
2236
5700
8204
10398
6033
10974
1288
3793
8507
9913
9064
10192
9762
7472
9737
156
3622
5485
7889
1686
10079
10183
4378
2051
2695
4465
626
9921
10564
9953
4705
1950
5301
10843
6006
2637
9317
5953
4875
4196
4680
9132
1539
6136
2449
3214
44
5324
5839
7435
5939
4656
3451
4937
2745
5163
2468
2804
8191
10299
10313
5591
921
4051
3054
1989
6492
4595
997
7184
9439
2910
9221
5133
5449
7737
2060
3011
10872
5169
8366
4776
4968
4100
3778
4929
1151
5665
6983
1481
4046
4594
5662
10653
9063
8358
10489
8752
6868
3877
6408
7980
7522
3548
538
3807
2156
6926
6416
7521
10424
10272
7049
7422
6449
6986
9944
5765
1298
7742
6751
3721
9580
4834
10001
10484
9491
5422
10627
9797
5614
3550
10168
9005
1187
3858
2384
1138
1936
7712
9304
5644
1450
7673
9567
415
4541
1386
7518
6276
6365
8231
4408
676
783
1517
1550
7413
8251
10772
11009
10988
1161
4921
8690
1995
1758
798
9073
9883
92
5136
6309
10743
968
2874
5361
5879
6584
8337
2530
2543
8889
9520
7768
9015
8756
77
6272
3476
4854
9500
6439
7331
3113
2648
6253
5108
8307
4184
5826
9861
1354
8958
7584
8365
787
4598
8681
8529
6497
4709
2960
8207
1650
9663
3240
6089
8402
2673
458
5843
1077
10100
2860
4958
2599
7134
9594
1392
960
6969
1141
10111
5566
7429
7307
7165
9200
8062
8855
9377
4269
6097
8698
8200
9234
3902
9096
9570
8768
882
5390
2474
1582
5085
2877
5077
5438
1327
4227
5027
3448
1216
691
5588
9238
1667
2643
10532
5523
8740
7449
1500
5296
7724
170
4702
10196
10839
1126
6303
10748
1674
10090
8722
3624
6255
5257
9019
8048
8367
10800
387
4077
8406
9372
11037
5192
2763
9576
4260
8938
3389
5951
6321
3281
6047
7503
9798
2664
7100
6378
8905
10524
5741
4947
9481
11004
745
1445
7690
9617
5408
8671
9444
10074
1439
10715
7425
4631
8836
1942
9458
436
7465
8867
10916
7558
4565
7461
7507
3326
5506
1619
1768
3410
3533
3532
3447
10773
8392
7924
11107
7746
9873
5294
6143
5585
553
7789
7055
3792
6593
4974
4096
4021
8008
7016
2809
3221
3280
6372
2521
9287
3416
4267
1784
1224
3344
3000
2813
6819
5205
8297
1881
851
2355
4514
5917
3657
10789
2087
6687
4176
3928
1828
4992
10531
9232
4692
4808
3144
2298
6516
3837
10902
34
10393
3512
1443
3556
1043
1811
9538
1164
3609
4477
5623
1820
3558
7470
6567
1850
7829
4658
5392
2567
2867
72
1530
7124
6177
11005
2958
5090
8509
5202
843
8781
4820
840
3959
2893
4995
5841
1504
4115
652
4697
6035
9749
4858
3955
2875
10194
4954
6291
10423
7171
10187
9085
1021
41
2558
3115
8364
1717
8505
10157
3510
4156
10648
4101
8305
8826
6753
7670
8269
975
2083
7651
1040
6196
4676
4567
2387
5495
3411
7128
3306
9082
5058
5263
8035
2224
4507
10851
5490
8582
1485
5088
9623
5069
1966
6142
10585
4121
5172
9275
3217
6791
9383
1434
5849
4151
1916
8409
10015
2171
6806
7259
365
5177
8359
3729
1775
6306
7006
8620
6513
8216
9430
1688
1951
4677
5474
9572
9703
2560
9781
10296
5865
9215
7288
1757
10856
8583
2778
5399
9761
1682
8388
10419
4117
1014
1767
1913
10046
2072
4927
7816
9337
1698
2810
2659
6995
8129
10269
8786
7257
8046
5770
2919
9394
6591
1722
1123
10889
3047
6576
1253
4616
8246
9760
4231
8029
3938
7513
6711
8668
5055
9097
565
529
1075
7790
2089
5957
9359
2116
2497
1182
9678
3469
3121
6785
5365
710
3427
4760
303
9061
10557
8317
4699
1761
4520
6733
5008
8711
2501
4538
5333
5524
202
7275
4070
2090
4996
5625
8262
2025
9915
11006
6125
10055
7976
506
5991
9141
4219
36
4005
2973
902
1255
3776
7244
6085
225
8459
2943
7270
2015
7901
6184
774
6722
4825
8267
4366
3022
9270
9524
7155
8629
6644
3468
2106
3525
3603
8093
3297
9101
6411
7253
1597
371
8807
3859
4682
698
3545
4456
9250
9405
429
4058
2108
5119
1523
1049
5496
10964
2149
7118
180
7936
8603
588
1981
10213
5882
6398
2193
8069
5631
897
2692
6349
10694
815
4604
1459
5519
1145
5950
10078
4718
5410
8951
7592
9461
10936
578
9104
495
10908
8049
6713
24
7990
3008
2429
5970
8511
8523
207
8482
6849
7512
5833
10130
11072
10418
10944
4429
9017
8539
4836
6761
3563
9643
4154
5503
2690
6944
6302
9421
2859
3412
10206
3495
6523
7088
8708
215
3082
2762
4464
5156
7067
10920
3501
10620
3944
270
992
2486
176
5345
4076
8414
8888
4228
4377
7172
10931
927
2061
409
965
3455
3183
8764
10154
1648
629
9598
2548
8731
5892
9016
5541
7893
1213
2552
8403
227
6893
6157
8514
6024
6569
9967
2672
2414
2218
3439
5082
7831
8092
1621
5753
10482
9222
1205
4256
585
8607
6960
2998
721
3696
4731
614
8170
7601
6769
1458
7777
7019
7399
10834
3547
7061
6233
2200
628
2920
2412
8569
6873
8013
5548
8429
7981
10764
9767
2864
8527
9447
6391
2455
5562
5437
6062
8272
7809
9961
5063
8998
6908
10691
6503
5404
6308
8318
10429
5188
9724
7227
2733
6
5621
8376
260
5421
417
5116
5586
1824
6891
6999
4127
6853
10615
6821
8525
6657
9957
7983
6242
4292
4890
8745
2184
2917
2939
4726
6796
10899
8952
5328
6524
5191
9596
3242
8747
891
1617
8644
8917
510
2153
6016
8498
4748
5010
7235
4993
6007
3940
9119
8909
9072
8979
1970
10049
2458
3071
9716
694
1365
5233
1217
8415
2082
7347
7907
9490
10233
10348
2278
1105
4274
6661
1889
6452
1813
9227
1167
10529
7424
4167
971
6210
7157
6477
2233
3720
112
2098
9195
7364
6120
7487
7205
9908
9436
5175
1183
474
2424
10401
2752
7267
6307
8801
5891
1624
7471
6341
5817
2707
5962
6580
4573
8287
9983
1190
1030
3312
6012
4340
4945
5406
1389
6741
4943
7515
2806
6300
9838
10841
9044
4563
5769
8117
2646
5632
178
7484
9176
9237
958
8900
9399
5696
9233
3998
6247
2038
3619
8776
9049
4451
186
390
10402
5808
2142
909
3984
1437
7519
756
1125
10415
6662
10318
790
8859
1056
917
6740
3186
6462
7795
8828
10625
11038
9551
10870
10935
10126
388
3691
5889
8244
4410
5904
360
9213
4898
7701
43
9612
4195
3933
6443
9283
8522
1140
5478
3638
5859
940
2979
3185
10097
10647
249
6789
10894
1528
630
11094
10941
198
3939
238
4781
6329
2012
8000
9400
10675
2818
5672
3713
3931
4956
8680
8320
1658
1918
3444
2990
2662
4140
446
9300
2201
3434
7631
10456
988
9835
4011
4185
4812
1273
937
2465
4603
2928
5441
2312
8434
5915
9577
9934
2327
2363
5044
10400
6478
10910
4088
5648
913
587
4443
7674
3052
7087
10762
10145
1192
2450
5072
1463
2789
8533
3203
4028
8818
1133
10306
3213
5910
4357
10170
174
8238
453
1567
4122
1477
5549
3413
519
1276
6330
6814
985
6894
4110
4630
6852
8078
191
6088
7366
7994
7237
2350
7151
9220
773
9958
2473
7476
9651
9846
10019
5443
443
8676
7878
10959
10174
3282
4915
666
779
10972
5673
2965
10216
6721
9614
9489
2779
2099
2386
9246
2800
1460
7934
6412
8169
8178
2323
2010
3093
5285
6209
7030
5800
1965
7925
10759
4641
9789
581
868
7941
9932
5583
3987
10443
2215
8002
4242
2130
5805
2162
2049
7599
7626
7032
7657
6595
697
4704
5691
2878
5664
6261
395
7452
8075
3763
7216
6176
7485
1136
5016
7104
4536
1808
8933
6509
9014
6259
10202
3109
6899
1475
4770
5113
4420
7967
4018
3095
259
879
2701
3914
9333
2828
4663
7574
7096
10333
1316
5036
2399
6571
7298
8007
4104
10993
4562
6672
7482
1367
2362
3178
6189
8326
3584
4622
1395
1739
3256
478
8788
3990
2000
6436
289
4653
2802
11028
2207
10384
2056
11070
146
6762
7428
9513
8982
5229
5451
8395
4181
1708
1498
5535
6905
1527
8547
7119
9535
5025
1846
1331
1554
4203
4300
9895
5983
6614
8023
4872
2627
1506
9412
5867
6916
4860
3182
926
10242
2907
6786
6630
898
5821
8609
10011
8334
8822
3138
2585
2405
893
2459
4232
7793
5786
5907
3089
196
2454
3167
9777
9266
2030
7802
1971
5335
1807
9813
7704
5424
653
6045
6115
8520
4268
9526
298
3496
145
5013
6764
8540
744
4833
4466
7703
9473
8157
2285
10256
10029
6084
7356
2961
6287
336
2042
8873
7785
2067
3913
4696
10031
4396
4976
11092
1645
1083
6431
8281
999
2507
8172
9427
9970
3635
9744
7781
10358
959
2952
4799
9718
9169
3116
1357
1751
5377
9619
9604
1754
7053
5028
8530
2186
10695
7826
5884
11088
7544
2511
3541
4239
5277
4106
8187
7190
10619
98
4779
5395
9506
1595
10177
5444
10330
1654
3430
7807
3718
9879
7685
10459
3714
2775
1556
4198
6474
7625
6988
590
375
2019
2164
4691
1963
8455
3663
7120
87
4721
5875
5733
3824
9926
421
6674
2790
2606
9462
6356
6331
6482
3642
9134
3151
5714
6232
1227
10530
6897
7603
219
8296
2035
696
5174
4665
4344
9766
9347
4223
6650
9306
6001
11071
2901
3243
7620
5218
6621
7330
2357
6137
9367
2798
8614
641
3343
2743
5682
9501
2712
8138
6742
1060
7902
4901
6588
1522
7971
3971
10829
3917
2491
6151
8534
10891
7040
4215
2430
2267
8041
10698
8730
2598
466
6715
8733
8444
532
3407
4444
6758
10355
8005
7191
272
5357
6333
8957
7379
5053
9366
10501
2862
246
8083
25
11022
7194
4461
3634
1960
1759
6792
818
3796
7931
9245
4152
4270
3459
6602
7884
6743
3970
8095
8014
9344
7956
9565
8881
1749
1653
3551
3030
1579
2154
8168
2358
3472
2611
7089
4610
4319
4047
4936
5855
4275
2884
7367
1526
6530
5663
6951
8648
3293
961
9170
910
11063
2417
2034
3351
6702
2172
5093
2947
197
1275
8778
3834
3905
10714
10805
3449
8732
1222
2761
8274
5030
929
3752
8619
4914
8458
7041
2129
5089
4583
4863
1419
7757
2691
7285
9438
7614
9918
4614
235
6117
7999
8270
4158
10638
10387
5383
9519
7615
1232
5584
5789
7222
4497
7509
1873
1702
4506
6094
9446
10656
5228
8239
8833
2436
116
7894
7079
1194
10367
3366
3693
1737
1303
6061
3816
1200
10623
11014
6856
7179
2837
4803
6754
4341
2407
3555
4796
3819
4695
8225
2881
4333
3086
4422
2277
8227
5911
998
3361
6346
8661
2509
4657
5778
6684
4370
4384
9083
6921
10545
2613
1341
9312
6623
5815
7250
4438
5667
956
2912
10042
2593
6413
5128
8040
9398
1119
8831
3193
8197
6249
11041
5916
10087
10651
10792
1394
9419
9822
8824
8959
7942
1931
3349
7209
9103
3059
9084
10180
1150
8460
8494
9053
2699
9866
5003
1176
1553
2365
4437
8248
4866
6589
2619
6656
8843
1772
8532
7676
6808
2590
5197
1818
484
2292
2306
8232
8210
3418
1012
6582
7811
1375
8625
1849
3681
5792
6056
9498
3813
4900
6063
9642
6437
7491
1897
3567
7937
10539
3573
1983
9402
9191
3924
2112
4075
4449
7138
872
830
1774
7854
10526
9472
3708
10088
916
7012
1732
1858
3087
5006
7097
7153
7613
8907
2428
3585
3044
4531
8760
5125
8413
4675
1103
3866
6779
9393
3515
3707
61
9787
2608
9117
8670
159
7739
3684
4080
5076
10237
5409
3835
2609
11061
11098
2532
3632
2946
10525
3321
10057
10150
9315
4478
8621
4636
718
252
7636
8363
5580
7820
1097
1716
10388
6692
5654
9365
8618
5747
2632
1748
9209
934
2620
3625
8332
10453
8542
10629
3463
7106
4323
10249
1487
7233
5162
10919
4221
7570
7898
10417
10234
7432
5276
4822
7062
509
9198
1736
6936
4054
3936
3499
326
6315
4475
6945
394
7240
7388
10559
362
591
8254
10466
486
6578
9991
1845
6159
2667
1173
9901
1980
8678
2845
3377
7868
5757
2296
512
7442
4515
8133
9653
10500
7393
10928
1821
9417
632
240
4019
2403
138
7734
1160
3557
928
2488
8755
4574
10275
2354
3199
10542
8065
7418
2361
3380
6396
9422
9600
10153
4758
4062
418
613
1197
2122
3255
2078
6366
8085
9201
3031
2651
6632
10709
6415
1805
3080
8381
7412
1152
3872
7494
1090
5259
10344
5574
8906
1710
2764
4311
6829
8148
5937
2986
5032
5251
4607
10236
7526
5126
2718
9769
1337
3576
10558
6393
1454
10831
1196
9218
2032
8791
9045
359
1245
8700
9025
8304
10077
1089
420
1476
4540
6450
3760
9827
9948
1274
158
668
1417
9375
327
6374
10716
6568
6250
10008
3348
7365
7597
8860
1865
2226
5442
9390
3131
6009
2678
4025
8056
7263
10043
9719
10135
6311
4385
1228
903
10457
2461
7759
1309
2410
6562
5536
10995
4182
2100
3832
1208
1701
6038
5249
4553
7569
2654
5852
6292
4774
10225
5918
5094
6957
8887
9750
617
2104
6409
6736
4980
5997
6148
6594
7299
7896
124
10568
4865
11056
1894
4012
4468
492
4722
5246
6235
1875
10435
5393
3595
1707
7594
8036
8723
9192
5890
109
8813
160
3036
9841
5161
1816
8762
485
4703
7514
2242
8051
5295
1353
5297
8999
10248
4482
713
10439
3716
2037
6486
4380
1612
7697
687
3164
1998
10369
552
5517
6158
5198
7772
9736
10142
2905
7397
3335
3295
9699
5531
4277
2346
7349
9937
10943
1117
3103
4545
8782
7540
437
1742
8141
1602
4619
1788
1906
5661
3712
9414
107
8301
4650
1565
9271
8181
9273
6719
9116
6150
6641
8916
7353
7301
6375
2601
3051
2492
52
6949
4591
217
5781
7947
669
6627
5374
6930
6495
9694
10102
5423
5447
6767
1799
4347
1773
5480
10787
609
739
826
3749
8487
3318
8838
168
6863
6961
3673
8202
9056
7629
7311
3893
7317
706
9512
7861
7741
8934
759
9560
9676
2094
4471
9090
2902
8031
3235
4819
4034
7973
8010
10744
2161
2421
6422
468
10949
4508
10869
8853
2713
1704
9070
4606
5184
2219
2773
1588
3645
1546
3276
8574
2749
10288
7225
7733
5215
6160
2475
10327
4225
1177
2044
9935
1168
4303
10895
7187
8647
5087
5231
6268
62
1251
6359
7450
8463
5587
4258
8948
5484
6030
1700
3104
5475
786
9145
8567
2551
5666
2351
3374
4454
10687
10702
752
7805
5121
9550
3606
5736
6889
1165
944
1064
3369
1834
8827
3287
3948
6929
7078
7782
3580
6966
1124
3223
4548
7462
3486
2831
9231
6335
2715
3314
5677
14
2688
3301
8744
378
10311
4030
3219
3554
1985
10745
7215
1174
8758
1153
8981
1420
888
9067
606
7236
8495
1402
9925
1856
1902
3818
1088
4142
261
805
5300
9605
9441
10003
2617
5948
504
5398
10845
4354
7921
1372
8594
5348
3317
2788
3855
6822
8978
4861
8702
7844
5086
1825
10747
1562
3636
782
6827
6229
7293
792
2844
9150
1837
6023
9689
10050
1714
332
1243
8357
1403
5804
3630
2514
1999
3404
6083
6807
6215
10450
5651
8737
3184
2760
6193
3340
5973
737
4099
931
1166
10109
4785
7572
10798
7517
5647
3129
8564
10820
5581
7528
7245
3582
9568
2
2890
3232
7835
10728
4024
3125
5658
3867
251
10040
7808
4782
9184
3831
1186
9342
9543
10883
3662
6994
1292
1313
4747
1728
6154
2337
6596
8931
4988
3850
1929
6004
1941
6558
3973
2114
4240
8816
1663
6861
2400
4888
9647
1178
7441
8188
10768
9850
130
1789
8260
10181
2537
10219
7598
1248
3812
4334
10778
2478
3466
3118
3724
7897
4248
9152
32
1684
9626
1848
5216
4701
1063
819
2123
10075
7886
6228
10543
1343
172
2294
6069
1590
1795
5798
9951
10479
1191
1518
7178
2650
8229
8234
9153
2117
5376
1324
5578
2249
8412
7828
8601
7794
4896
8193
10232
8563
2771
6025
3628
8220
10056
10563
5934
5337
7337
9870
381
10323
3569
10052
473
5779
2649
2366
9484
114
729
3461
8577
7624
7696
5958
1384
5868
10492
5439
3524
1847
6831
4790
4564
3675
8448
3586
3088
3403
3967
9683
6099
8977
3768
3764
3748
2295
8212
1609
2945
9971
2906
3701
9726
2856
6551
5064
6464
10488
9186
3641
6622
10169
6865
10291
10238
9590
5725
10923
11075
7296
6555
981
5463
8171
10723
7787
3658
4183
4351
3953
2422
10021
2091
2542
6526
9397
5738
6805
9985
6763
982
3263
5824
2439
4809
7469
2710
7548
3471
5589
4003
9008
8407
875
9842
5909
5803
7969
3098
5371
6879
10166
3033
10280
7284
2445
3205
9780
11076
638
5727
10752
2498
7646
10544
2188
5164
2076
4876
8720
7147
895
7343
3828
4218
8024
8042
4006
4496
5612
1214
8662
6241
4135
4306
5039
5999
8054
3775
1108
8339
4022
9244
10080
8734
6382
2397
8330
8595
8052
10386
9955
4412
1515
8266
10952
746
1696
768
3604
5319
8203
6537
5782
340
9026
1826
2504
3119
6608
368
577
2378
3043
247
6519
464
738
6845
8303
6529
1465
9867
846
1656
2589
6766
9162
477
705
3453
8553
2693
3272
4740
8335
4847
7070
10356
7458
2549
7047
10455
1719
4741
4245
8692
8261
9371
9649
3903
1008
1852
5099
3313
6419
10708
10437
1697
1620
9262
10705
1396
4946
8322
4008
8842
6748
7294
5729
2146
6445
2522
7502
2068
18
6110
9611
5726
9556
4719
692
4746
6368
10814
2324
8545
1962
3937
4763
4035
10942
370
1091
5436
9863
1618
6293
6815
5715
7158
8343
5797
8370
3438
8
2801
8481
322
9693
8020
9825
3156
2814
4407
2579
5102
1899
6487
7778
6456
9865
945
438
4118
9684
2873
3253
6394
3012
5776
5694
2136
7132
8443
8965
10092
10785
4917
6723
4358
9878
2024
2230
1067
3896
1462
1709
3467
10927
6738
4197
11090
10875
1065
6703
11042
8485
2494
5785
8585
10729
6444
5977
2977
9974
6601
1988
7836
9751
10470
2577
3968
301
10200
6355
9711
5194
1510
5050
9338
7758
932
3285
3005
8517
10734
386
199
964
3964
11086
7354
151
5608
5065
10810
9559
858
10776
4907
10156
6802
10801
125
1864
2597
2985
3316
6669
9256
2564
4097
6131
1246
7024
6585
8587
3198
3883
4137
2435
8741
423
853
3581
406
1304
2731
11023
5627
7562
2282
2566
7051
10697
4783
3491
8147
282
7556
10083
9334
6737
6824
315
3571
593
3906
5823
9545
10086
1027
1675
5954
5468
10797
6859
871
7691
3175
3159
401
3750
5772
1746
6190
8278
105
5120
342
5185
5878
8961
9783
550
8258
10809
8738
2283
10371
11001
9343
651
389
10553
1112
10686
8675
47
1681
2390
8026
6707
7444
9235
3324
1278
8094
6937
5547
3890
8245
10025
1440
9788
8876
1233
53
3058
6288
7510
69
5238
4409
8508
4745
6373
3731
9205
7123
6760
9068
2975
10352
8441
1471
4625
1444
2722
8190
10573
6787
622
8146
1180
1573
6106
11077
4694
2004
3982
10063
9187
5873
8256
10589
3530
10329
5751
7709
3884
9280
10198
4948
770
1549
1135
2190
5035
5944
6726
5123
4551
9602
1975
7537
9803
8088
2734
4042
2415
9857
2174
2472
5655
5874
7652
3420
8466
9080
4826
3549
6262
9391
10199
7616
10328
13
6790
8627
9771
1593
8189
314
6227
1890
4521
8362
6071
7773
8275
5321
10657
5432
9690
3798
6847
2655
10277
8935
3570
10217
6127
9323
9854
3192
9579
469
5737
10215
7974
7607
5522
1220
2535
2903
9998
8139
10815
7918
9680
10195
1226
1996
10897
7164
9276
6472
7336
7763
2780
7695
859
7852
4441
8072
5801
10565
2600
8107
8300
977
8489
8506
7303
8027
726
6299
2738
10366
6572
3075
4955
7282
1946
7283
3408
6290
6536
399
8195
11104
7410
9353
4710
539
6892
2125
2178
3880
6570
5160
8612
9252
4982
8643
3437
5814
1342
10727
1727
4966
957
7369
4894
2369
2765
736
10724
1059
3943
6319
3942
5271
1121
535
656
9055
8653
4922
5816
3523
5597
8911
6550
8841
7251
3882
8025
58
4739
5699
8427
3656
10300
3860
10496
10038
4750
2574
521
7196
4074
7262
7997
3730
8500
10445
5748
5460
10228
5005
6756
1407
2807
1551
7645
9078
6768
3725
1447
9282
808
2835
3820
6888
7108
820
9847
2569
4579
8796
286
5154
6883
1721
8099
8770
6872
6420
5459
6317
7318
3488
10774
5252
9833
1429
9707
4983
930
4229
5721
2316
8291
10084
10581
2513
602
6203
3572
8496
7404
7008
4172
6659
7272
8483
7542
3983
5834
8491
526
2360
4343
4586
4618
5851
3046
9946
4671
2456
2073
2293
2050
2055
7504
7440
5863
4257
9331
10176
4874
212
8983
9386
3785
8586
10281
1513
1887
2687
10273
2315
2064
3019
5526
4892
1919
9181
3072
7933
8924
3878
5780
7906
9669
10984
8004
592
3076
6850
5521
10009
5092
5124
9927
8327
9909
10486
4629
2036
2431
8198
10808
7846
4582
9352
1904
3146
6067
9536
10383
8263
2288
10934
7035
2918
6087
7926
852
9631
8705
384
5728
7764
5787
6700
8914
7005
7376
7602
5742
5718
9151
9834
7738
5707
3922
1790
7239
7350
5221
10458
598
8122
8794
5688
10394
3514
6525
7027
7818
5
117
4474
7617
8154
5472
1926
6948
9996
5774
9987
10243
10917
11020
5605
647
2495
3010
2317
7092
10314
1505
5255
1405
1047
3425
7339
221
2742
10497
1555
1532
4769
7291
9289
1036
1001
2442
1576
707
4455
6107
7954
6518
9986
11097
296
8703
7102
3732
5135
9697
2512
8454
6671
8749
2848
2021
4661
9
2300
1188
4007
7249
10963
7702
1102
6362
10308
10614
3357
4157
2451
3821
2009
7219
9423
8136
10932
501
8037
7242
5031
2768
7803
9722
2638
10465
4784
8417
4036
4204
7026
2070
5613
9992
4501
5683
6689
8767
9449
3626
9940
8721
379
11049
568
6021
2209
2322
2726
3194
3655
5501
6405
9531
7656
8149
4295
2396
8410
6544
10858
9856
5847
735
1467
1898
5366
8028
9979
10209
2923
6941
11012
8422
6956
8780
472
6647
3756
9310
1297
5411
4073
6332
3583
6278
3401
9916
9190
513
8486
1242
10163
9039
5338
9164
7230
4265
4143
9630
11095
2983
6922
7575
6590
1062
7882
9485
9043
9264
3612
3722
6336
655
6410
5996
7434
5572
3800
10286
288
161
2915
4368
11080
6515
3180
1335
8693
9136
5021
8108
1336
444
6132
3385
6696
6670
6625
8120
809
1992
9313
7207
10536
7788
8219
5807
2725
5144
5877
1924
8325
4391
704
6984
4382
5633
600
442
3836
9795
3290
7137
5689
6426
1137
7437
7464
9633
6877
4201
341
3405
7559
8319
3690
2059
9445
7865
2714
8815
3700
4870
357
6655
4925
7022
3108
3049
6424
201
1832
4243
4519
1545
3640
11002
4193
273
3339
1896
4554
6221
10566
9714
2069
7395
8684
6909
9730
5653
1085
9202
6112
2940
3083
6399
10428
5435
2540
7654
1687
2759
2452
5550
3331
1204
1416
5440
1511
6938
10670
10552
348
6489
1914
8472
10662
2374
4055
1068
8802
7762
1082
3844
2980
1778
8230
1964
4494
9302
11085
137
4884
4559
7516
558
1891
3815
11010
7760
10518
833
9754
1
4126
6900
7396
10725
5761
9177
9575
292
5434
4045
6465
8632
9139
2962
2967
3464
8624
2974
548
4116
8253
7649
6998
7580
10862
45
2572
742
5414
9079
6735
9648
1045
7873
3429
522
3799
10802
10395
10325
5993
1801
5756
1155
8773
1081
2047
9742
2670
3747
11054
5649
4247
9450
2851
7304
9216
9700
5193
9858
3946
3952
2368
7823
4165
7667
9356
2377
5118
5822
4533
3001
4426
10784
3319
5256
7490
5369
2524
1625
8637
8019
7414
658
5029
8986
2416
3509
6745
4524
9175
8920
6179
3381
5100
844
5132
457
5994
10693
2227
6774
877
2199
6712
6371
5848
10683
2169
9040
7817
10403
793
9811
4327
5949
8997
7195
4431
3891
2385
7056
7086
2563
5456
2228
1130
2441
10766
2023
5317
7473
6902
9720
10361
10481
825
1542
4015
4713
3069
4797
2111
6991
7814
8223
10504
9385
7707
10268
3780
8315
4432
6166
7977
10449
10091
6691
8150
4153
10911
2849
4330
10263
4751
1925
8405
9743
1259
2471
7150
7409
9852
5784
5349
10799
3769
4179
5544
5923
8929
8548
983
1874
9157
10446
10255
2933
2821
3538
3957
4821
5722
2839
5288
8573
5091
5482
791
4732
2265
5020
450
7610
3617
10287
3602
2463
2591
10846
6609
9403
10491
1524
3528
5049
5289
5131
8436
6776
7033
2709
311
9180
5336
3292
9796
3165
258
8785
663
6010
7466
11068
5659
2757
8306
1307
7732
82
5931
3084
9597
162
6749
461
2636
6734
10381
6418
2206
7264
7044
3445
4580
8314
8328
5500
241
2823
6706
7998
3378
6918
3081
7064
5254
1352
8546
4209
5486
2191
802
4259
8829
1634
10066
5620
5570
6471
800
4068
9036
2840
7832
6195
4224
4392
7797
10892
1541
8901
7872
996
2425
10137
3497
2950
211
8579
343
4313
8946
4337
1418
1134
10364
9945
8123
6521
5299
6082
10140
1863
2645
9641
1100
6427
10027
4975
750
10807
2506
2508
5955
5368
1753
10114
5471
7579
392
10669
5004
7029
8728
7988
2210
3788
8687
4147
7247
7666
7752
4483
954
9791
3450
5373
953
10099
9411
8361
9764
3564
8378
7681
118
8985
515
10517
8369
2683
9011
1534
2214
318
4056
2220
7595
10806
6186
6484
4356
6194
10926
9062
3166
7166
679
10276
6665
7851
2420
8691
2747
7827
6344
9844
10178
10621
906
6709
2505
10738
4605
1240
7493
776
471
1423
3702
8435
1639
10374
5552
7445
4643
1615
4469
6294
8130
8817
7799
9840
10222
2677
7720
1883
9127
9670
10117
10382
6360
3123
9396
3480
3529
9973
3588
2914
5857
7176
7419
10510
2113
5054
5684
2795
8163
2582
8819
3825
6959
5269
8143
2345
8987
3424
4516
4690
8633
3870
1029
7743
6714
3274
6744
10068
9332
3994
1659
10350
75
8685
1548
10094
200
4261
1069
8501
121
2774
2158
5017
9503
8725
6583
6864
8989
8877
5896
2483
6862
10416
4162
6634
7721
7094
8294
10285
7328
2772
5537
2053
9051
1957
3888
10297
2260
6388
2516
9708
9189
3345
5630
10108
10604
7563
456
10515
11003
9509
2792
5575
9452
1660
6612
10631
10880
7986
10900
3670
6725
10278
2730
5274
5158
3402
2058
4807
6679
763
6717
915
10781
11021
749
2612
8771
8184
3027
5569
4082
5520
2132
5015
3864
4824
9354
134
3817
7065
5969
7305
5961
488
10293
5606
574
307
9335
7930
3045
2284
8449
1171
6919
4648
4372
9871
3566
9657
517
372
9569
10144
3511
1756
1940
10191
3061
3791
5759
8349
204
7280
6780
157
7708
5929
4285
2380
4597
11036
3161
3518
824
9571
324
2440
3633
6628
10632
308
9794
10372
10502
3284
10879
6044
2404
2079
1306
8814
6499
8726
9980
373
1230
1713
6050
7964
480
4304
4787
10266
2770
1370
11079
1632
6116
1452
7716
8937
876
1841
10431
3309
829
10567
3958
3275
5943
4679
7234
5945
4406
10282
263
7796
1835
10976
10408
403
6320
2557
10823
1149
7879
9203
507
8298
857
3809
1651
4361
7621
7421
10312
2433
3894
8940
6828
5466
9204
6643
4493
10970
4397
10220
1109
1269
3187
2658
3680
120
9453
9349
5138
285
9223
1695
6145
9358
2805
8544
8823
9457
2180
8689
2640
8173
4738
1947
3723
1449
1431
2624
7018
5096
4729
9106
8374
9752
1000
5018
6225
5040
425
2799
398
4912
9541
5315
9610
4813
192
2401
2784
9885
3805
2746
10041
10448
10939
2460
3521
3892
862
1616
3117
10893
10351
9773
1181
6881
8473
9884
6825
925
6699
2063
27
8174
8145
3861
4352
9194
5363
6338
9562
1870
4957
5180
2576
9790
533
6604
7890
391
2006
3678
4192
8765
5115
3120
10654
6165
166
9131
1362
3664
5900
7220
10998
243
4989
6923
6560
7232
1084
8499
463
385
9691
9185
9326
1842
4473
10506
1967
4835
6314
10562
2956
8862
9311
701
2196
1170
9530
5157
5783
9113
2235
2109
9698
6869
4674
5754
3759
7136
9587
9679
4434
10454
9603
8430
6275
312
54
0
3587
4200
4644
10409
3354
4251
8757
9758
1944
5895
987
8970
7037
5842
6925
3822
10586
9125
9267
5978
10868
2680
10193
4503
9815
2703
10933
799
3648
3593
7433
3002
2705
2769
6448
9095
9173
546
7039
8835
305
7726
534
3770
3974
1195
2167
4707
4566
7770
2605
4534
4960
10718
4009
2767
5159
6163
5248
10270
5752
10292
1869
9644
6092
9922
7193
2370
3065
3677
5628
6547
4470
10322
5352
9887
8310
3520
7848
7034
2418
9493
5264
10218
63
6463
5561
1723
8155
1393
9770
5224
10204
751
4764
6153
8438
1563
1406
10588
10719
1483
8651
9174
1984
10212
7306
9956
2668
6605
1603
7665
2921
8913
923
10226
7007
1099
8528
3842
649
5360
1655
10342
10830
4620
6201
4322
5885
520
8652
896
9504
2942
5615
7684
7870
5387
1664
3169
6216
5380
10244
9168
1383
5995
1235
6220
5831
1379
3196
5400
8386
9047
9848
10659
10786
4495
5200
10572
2376
8856
10089
3342
6364
4891
9664
4250
1247
1087
7715
10677
1318
4031
1734
10254
2660
9995
1755
1987
5103
271
330
3719
8696
3034
8600
10189
8915
627
5515
2222
6682
4359
4639
1250
9747
5149
3053
6592
950
10334
1411
142
5476
10368
10551
3038
1668
7359
7427
1956
7549
10991
2682
899
3035
2046
9763
1436
516
279
4061
8572
864
9542
7857
7863
8840
8074
2406
837
3040
9429
4755
10605
7920
10827
804
4517
7093
6034
3249
4066
7530
10861
10081
640
9881
5078
1094
2639
3041
7226
1871
8640
2148
7111
7454
8182
6855
11039
4823
8226
7717
8033
9301
10682
2279
10155
8849
5062
4800
7208
5364
6887
7197
7015
6442
2562
1783
5508
8554
9382
8257
8391
7125
6943
7939
1879
10131
8799
2077
7025
10707
2982
3565
8769
3218
9563
7943
10534
237
1577
6652
10712
2176
3527
10139
555
10359
753
10780
1185
849
503
571
5034
9830
536
6757
8699
9433
5267
6508
3400
8630
10123
3950
4717
4191
3050
7162
9573
10020
6720
4601
10626
6913
4759
3177
2869
1284
2041
8682
772
4132
10999
8208
11069
4293
7755
1599
6651
6271
6561
8131
9212
9990
10955
4309
6090
1046
5835
1115
3886
5291
994
83
1862
6461
97
1521
1662
1915
1954
4916
3806
8956
2652
8445
9389
682
1907
7375
5385
3535
6882
3062
9269
10824
4889
7524
4173
4765
8623
11007
10143
2257
10414
1815
3140
5559
5367
7604
10722
5905
9339
65
3875
4840
1673
672
5347
709
9969
841
5883
6146
55
3465
4518
9314
650
4846
253
755
1321
6064
10642
10667
10954
5143
3102
612
133
2165
1763
3097
3508
9460
7919
2704
5941
8538
6880
96
432
6597
9364
3849
1993
5740
6305
6447
6775
8793
1499
3947
740
8165
10464
7045
6933
5964
908
3600
8672
10844
562
1836
7252
8565
2955
1198
8742
1561
4940
10303
7952
6666
2841
8490
1997
8259
8631
8524
5344
625
7718
2364
8073
1644
3209
4792
10881
2882
1882
4161
4114
5924
9075
9009
11031
1351
9952
1724
10761
9004
673
9645
6765
6239
2229
5207
6635
6885
11046
10122
475
1969
4325
6095
3068
6912
4414
3359
3739
6812
440
7523
4906
3399
3789
7600
6750
2232
11059
57
6171
1401
7142
5913
7380
3757
7506
9248
6867
6782
6993
2238
10847
2319
6270
7565
8324
5187
6224
10804
9456
5372
9281
3979
209
2307
9784
4581
3236
5936
228
6636
11029
2510
10636
3546
4083
7904
4383
1446
6323
4141
4417
1221
2254
10720
2991
2978
874
5716
4102
7694
5206
6022
9891
5465
5323
3111
4857
4646
3017
5111
7163
5980
3771
822
1254
9578
7447
9240
2803
5603
5079
7474
633
1646
2427
8715
7576
9210
5870
4981
11047
610
642
2500
2531
5507
354
3462
4253
1249
6214
8323
10335
2716
1822
7057
3679
839
5686
6218
8923
4558
9330
3591
328
9511
7680
5416
2570
1574
10978
8302
10138
8897
3639
5966
7363
1006
9832
5046
9924
5242
267
5629
10938
8128
1514
6527
7843
10700
4189
5292
7849
7940
4331
1779
9502
1457
3531
7335
8735
9379
1661
9581
5262
5280
4715
5179
9158
4959
9911
122
6119
3436
10262
8372
10696
976
3643
963
8313
5927
1385
5293
10048
295
10550
152
6060
3197
10832
4602
1004
8743
4296
8512
10660
10884
3457
3018
2916
3900
7590
4280
214
6799
5516
256
3254
4060
4255
10906
8973
3676
7525
4546
10427
4678
9001
10950
3762
4374
3484
2519
7329
1831
6403
1912
5384
9126
9972
10617
4316
8774
3517
2518
5829
10365
3226
1792
5610
9553
3325
3132
8820
586
2243
4557
5979
9826
10731
188
9000
42
10259
10793
1400
7002
9272
6020
7201
7991
3830
9968
3422
5309
6318
1817
2526
1802
10462
3206
9318
2343
139
5071
1320
2963
6954
7962
8209
4017
3191
2633
9002
1175
6073
10765
1080
1169
3392
3865
8140
607
59
7992
148
4899
3485
5555
8504
883
7938
9849
7373
8657
8397
9638
5679
9889
10836
9745
3579
5567
10151
3779
7511
3803
5926
1900
943
4964
11101
4091
451
4698
6654
10699
3188
7403
1409
2735
5886
1979
7001
9059
7748
7140
6843
2007
11008
5813
4071
4039
346
3598
5101
892
7072
4794
9110
842
3833
9892
2724
9324
6138
4600
3414
7567
9408
5464
8667
4010
9695
2480
9327
10948
2544
6716
6254
4093
1425
297
4284
3112
8333
313
2756
1264
5788
248
10878
2043
10968
6406
6390
1267
40
8273
10247
10425
7145
7483
8371
6026
4462
7608
3490
4806
6440
7633
5353
6386
5084
3229
1932
9997
2128
1730
6932
7899
7077
9831
11052
10756
9748
4128
6121
5217
2124
974
6800
5117
3787
6081
6162
761
3513
3100
3056
8121
236
10523
6708
795
4832
6690
8137
9440
9618
7423
8353
2102
5199
5396
661
5705
5557
1610
604
3568
5310
1456
1657
4635
3985
5397
7059
5932
2580
10865
10116
5273
8312
9163
8119
9118
7647
1387
4568
5279
7361
10197
7605
6282
5326
7917
11050
4762
7320
7538
743
3843
8228
10549
580
7112
10235
2276
11027
4241
4373
758
9197
7287
9316
8290
9899
11103
7246
291
7714
7923
6752
4252
10385
9723
9428
1910
8953
4902
9851
4640
3360
7944
7561
4178
239
5845
10223
2170
5382
1426
8927
7324
4405
5652
1740
1302
1861
3646
4402
7159
9066
10316
10866
1041
4655
9756
10598
10037
6279
2503
8518
9024
3790
5047
2889
1598
6660
8555
9876
8421
9666
9882
3503
8943
7281
5176
5281
10148
11032
8521
1614
7501
8804
10665
7774
5330
9476
3671
1893
31
5024
7982
8338
8581
2213
6834
10343
543
1605
10514
794
3686
1560
1244
2832
8390
9528
7946
1404
6295
6425
5467
7180
5942
3189
5236
454
7682
4569
3304
3433
164
293
9993
5512
290
6122
7915
1676
5656
9625
1285
8389
2911
4505
5681
5595
10264
287
10777
11053
4020
9905
8686
7210
9156
5504
8790
493
6048
149
7841
9295
9348
10017
3406
5134
10983
3259
8164
5189
2898
7488
8513
3698
1482
2352
10854
2964
4780
3599
5593
1373
7083
1853
6688
1587
10331
6181
5675
10463
1584
5836
2092
10960
8613
88
8104
10389
8713
4909
6545
8597
1930
9518
2972
9099
8912
2546
3060
3920
6581
9523
6784
5109
9774
616
1358
3388
9247
3114
7775
3099
9336
10713
3013
294
8694
9321
4401
4376
4852
3133
8030
229
9448
6975
10173
367
7719
153
3507
5066
4328
9042
2573
4681
2634
9654
7692
6156
1692
8111
8383
1497
3016
3107
5710
5989
10674
3854
2039
4611
1147
2711
3695
6202
2653
1622
8474
6809
6746
1649
7583
7278
3758
6111
708
5640
6028
8864
9303
4044
3629
2791
8081
7705
7736
9274
8110
8753
848
991
3544
5320
4588
2996
8650
9828
416
10838
5505
481
10746
2388
2528
8896
9279
9378
35
9705
10966
7611
9804
7043
10392
5556
9817
8017
4859
3154
1586
5237
7478
3897
10179
2105
5528
94
6068
9682
5418
6013
3419
4798
3873
912
1031
5061
3811
5545
5706
7154
7650
10863
2554
5260
10420
10360
10825
2938
6357
10914
7948
2008
2721
8537
2258
4862
6870
6350
7401
4887
2679
10556
6237
6626
4977
7965
2066
4848
6645
7766
1328
8329
9149
9725
7344
6953
9071
1236
6639
1098
10522
2476
4345
7612
10758
1333
4556
5304
4163
7653
4868
10347
5225
10749
9950
6381
5866
2926
8645
8677
4067
4853
10646
6860
8452
9100
2395
4399
232
1672
7520
6693
10413
3802
4903
3296
10121
5935
8425
6667
621
1058
6842
2241
1566
719
6014
2723
345
431
4222
4523
8038
8478
635
631
8908
448
2855
9006
8368
9665
5153
4647
6246
5701
5793
7499
4997
1800
1877
10590
9007
3666
3921
1300
9459
6043
6978
4971
4585
10918
1412
561
5038
894
6351
4294
4979
2110
4332
4463
9712
7439
10535
1225
2484
10782
2885
6840
1261
2270
2234
4395
10671
3918
4944
10161
2239
6683
5853
8440
8360
6565
1516
2987
765
6251
2349
6080
9495
1840
9930
6939
7754
1044
5081
6100
4633
6548
10791
4712
8398
7822
10267
1472
5152
8214
1070
2231
7800
8053
685
3522
8865
490
7908
10980
8526
5685
9976
8606
2776
3350
5499
143
7402
7021
7847
7905
10098
4262
3717
2740
8340
9021
123
9479
5340
7815
6027
3926
4120
10528
6610
6429
4480
10618
4440
3139
4367
619
10688
7188
4855
7269
887
10095
695
7011
4040
3168
688
1146
6435
4069
4850
4207
6563
9089
9258
10354
8224
5723
2820
7261
2135
9555
4549
7929
1642
6997
1156
966
4487
5579
4492
10946
1106
8284
5452
2467
6124
1073
1464
4967
9206
10305
7838
9880
4986
5819
3258
3910
5731
2139
8126
5051
8034
8194
7686
3260
4150
9038
9373
8166
9277
30
3774
3692
10519
5734
4578
6260
3004
7638
6801
2057
6981
6501
10411
5599
10476
8750
419
5026
7735
10045
11035
60
4570
10795
194
834
3993
8663
10230
8602
6109
1391
8113
10873
6906
594
2183
8674
9786
10583
7407
10736
869
5307
9574
3516
7408
10828
8399
5043
6208
7212
7776
6577
2272
1750
7
2610
4811
1596
5425
5598
7156
7591
8396
4220
9855
2413
671
9583
1159
3130
7698
683
50
5856
269
10047
5794
5112
5622
6606
11100
3991
8635
4577
1018
4885
2256
5670
10779
5073
6152
6705
108
10775
10005
9775
203
4298
10146
7091
9442
4552
1968
3246
2944
9529
5976
428
4761
4984
10811
8277
9033
1430
6070
8070
8464
7678
3611
1410
914
7420
8949
4845
7370
10064
5571
1325
3697
9547
5919
6031
7368
5827
4766
6566
10587
9701
8580
405
358
5830
4459
4210
1735
8205
5791
7643
2686
2499
5960
10574
10929
778
10307
9962
8904
2674
8947
5624
9494
5601
6830
7003
8476
5430
6017
637
6620
2457
10540
10118
6098
17
3440
715
7326
8387
6108
4550
5724
2157
6940
2268
6074
7640
9821
10924
4539
4485
7090
2372
3150
4166
4436
7017
9341
2671
220
4254
6096
6973
7546
10580
5893
9981
6243
8114
3375
556
4662
3981
1838
9949
7966
5219
784
9077
7869
3330
10141
10874
2273
46
1796
4818
5639
1363
8493
6041
4064
7114
1671
1095
8356
8746
9607
10165
1670
762
3074
10473
6139
6528
10816
8578
3923
3631
9792
1427
8289
9278
1866
10010
4349
8039
3094
2434
3211
946
460
5147
5703
4467
5692
8890
8096
4388
5990
6164
2017
11106
6286
3336
29
1340
6971
3826
6015
3907
727
8541
545
6284
4873
8592
10284
2581
9105
813
4688
4273
3898
2777
9298
7850
1172
6833
941
5305
8132
9591
8763
8777
4881
3988
2085
8465
9739
6494
8724
2621
2896
8426
1643
9410
4206
4452
11110
9710
4281
4654
1118
7786
5314
3371
2635
1558
10867
2545
8664
3057
10507
3415
2550
1359
5687
9615
4734
9478
6369
10136
10396
8439
6173
9660
8450
4424
7357
760
8222
6778
4059
6770
5265
8235
4612
9029
4342
855
5984
2448
5011
3170
3039
6616
5735
9717
7744
2866
3028
6055
5107
670
5266
7978
8683
6649
9319
5356
84
7352
1765
2198
6128
3195
7730
6149
5493
5928
3291
881
6685
789
6510
6836
6989
5379
1034
7745
1093
9938
6701
4202
10125
780
3838
3006
5837
9616
4805
8057
11055
7135
79
1977
4685
7010
8808
10930
3417
9727
6481
2870
1533
9537
8846
2309
8342
733
3265
10848
3741
6698
2356
567
5492
3271
7606
8966
9154
6811
7377
8292
8373
10548
8847
1334
9637
3387
2541
2152
10888
10324
7531
3029
10937
351
3613
4026
7268
5074
4724
8221
10886
6185
9629
4109
9142
1491
5023
2093
7068
7495
9939
268
3096
7374
4403
467
4791
599
9087
541
3042
6976
9685
1265
6032
1857
7203
9978
10859
9704
3761
10658
9731
6123
5350
5427
7020
8839
10067
10073
1613
7107
9686
4491
9290
2453
11065
5777
7315
9253
1508
67
6417
2496
9893
364
8556
1127
9733
530
169
6101
10607
1581
7338
2706
3346
6277
801
1571
10989
5446
10172
7821
5498
3105
2925
7378
8215
8186
1552
3210
1958
10985
4103
827
6183
3333
5908
10821
1536
5462
8469
3341
5104
2205
9984
1361
254
3173
7913
3492
2751
11096
7769
900
1280
4321
4771
8118
2216
5511
6265
8247
9401
9624
2325
7189
1492
3201
10034
10753
9806
11013
377
2336
7103
3364
8354
9286
5708
7706
2026
1974
2858
6491
4129
5415
7639
907
3929
10576
9305
10036
9936
6895
1257
4138
4433
4744
7332
7784
7996
7641
10201
10508
8851
2728
76
662
1827
1199
933
8825
6586
5643
7582
7255
1346
6624
8152
6219
5641
8311
1026
7801
70
2708
9230
6057
5698
6036
6896
104
9081
7213
5965
4324
10630
195
1241
6379
2426
10182
10221
6505
9488
1057
5210
5165
4525
6252
2383
7812
1079
2808
508
2274
2065
3153
1762
3391
7276
8795
6103
9734
10710
10039
8285
2244
5428
11082
7139
2968
5450
3300
6835
8874
8928
1880
5669
8510
4286
4364
4686
9475
7116
5167
10981
2629
5388
10717
7970
8654
10783
4668
255
1323
8097
265
1010
2794
4271
9515
9799
2702
5982
8242
5311
9933
2630
6029
6826
4320
7864
5095
1631
7481
9115
11102
7568
8990
9793
2641
6475
1042
4307
6469
363
4350
5646
8286
2934
3536
3851
7161
9183
10637
10849
678
3885
7866
2922
5645
6343
8880
8984
3176
6927
1348
7243
10062
6854
4978
5243
2342
9307
10877
2189
6946
7074
5358
6118
7460
8453
1741
1580
8079
3248
986
6451
5214
9593
7173
9046
2853
10469
8382
3949
1585
9732
10922
2954
1809
6200
757
3338
3934
1854
6204
7126
3055
3126
1438
4730
3689
2555
6192
9370
4939
2127
64
3091
8044
2553
4543
6794
5697
4752
10159
6810
660
2022
10547
3202
7170
9130
4389
4687
3852
8102
2144
3379
2826
1294
8596
8488
190
2202
6637
355
3352
1495
10706
304
7405
6401
33
1909
4666
4450
8566
2899
4371
4725
9214
10160
3155
102
5968
1569
5429
6236
3889
1032
10947
494
10644
7406
2045
1868
8515
4415
6144
9345
6488
9228
9249
3090
3977
411
262
376
8470
2001
873
10214
5457
7266
4749
5213
8011
1892
264
2005
2314
2187
10840
9241
531
7545
6281
4634
1035
7014
920
4353
10661
3394
5974
7416
2586
2815
3978
1451
4212
4527
6629
6600
9179
9360
9906
10689
6316
7028
8659
4032
1691
1390
8375
8950
9182
771
7635
10339
350
9034
4613
9112
3323
3171
8249
8655
9211
1408
1678
8854
9188
10483
10979
4098
7806
10475
4893
2137
10096
3781
6680
4882
6377
2741
4918
11040
6258
4338
9886
5394
1158
4038
1382
3157
1797
9467
9779
9740
5711
6256
21
6188
5992
407
1886
7660
11
7417
1207
10511
5810
4949
6289
10346
3783
6631
3840
2255
4659
605
1705
2887
4828
4526
433
8589
10538
5762
7325
9582
9894
8280
2120
1209
5986
8902
3421
4112
5195
5717
8015
48
9584
6175
1781
334
6907
2534
6191
10241
9807
10649
10012
3332
2031
4596
6903
6174
4723
2842
10
7642
5339
911
6543
8394
6686
9914
1823
3661
3174
39
9037
7747
6898
8160
4427
7224
4445
8237
1218
5680
3577
5749
5872
6904
7084
6541
5056
1867
9759
4057
2656
10624
700
2391
7426
6511
1745
7248
7290
10053
11045
7346
73
1638
2394
9917
4895
6046
3446
7181
7722
973
9254
5129
7383
3356
11057
595
4086
2490
4369
7975
5253
1626
9284
4728
7500
5732
6648
942
1305
8766
3975
1023
7710
1677
8810
2854
6816
7765
2689
9622
1270
9869
2561
10119
10164
10188
6313
4772
9171
2447
9257
1279
2913
7881
8419
1055
8158
7372
2744
4390
8350
6105
4931
6664
10467
90
7489
8264
10059
9018
3368
5359
8921
3709
10819
3067
5355
2160
6470
4714
3299
2291
8628
7780
8308
4880
10058
10065
5956
1039
8135
4623
5963
9923
2904
6910
10101
5825
5602
2663
2321
5007
1311
2347
9384
74
527
7415
2251
2868
10703
12
182
10635
8497
7048
1935
4081
6532
3337
835
8803
3481
5921
222
2932
1766
5832
5678
10379
8809
2444
5635
4756
9696
10673
6168
2547
8344
8348
4411
7480
283
4276
7052
10246
10578
8347
22
9860
329
9259
10252
8159
333
2830
9862
10739
1939
2876
4801
1720
7677
10570
5283
8576
6851
366
135
10251
1972
3995
3383
5232
2533
9552
1219
2951
6615
4831
2748
4236
8571
766
6963
5473
2119
7358
5470
19
9960
6958
6353
6788
7351
2999
10678
4050
2927
3733
7912
596
6280
7066
1627
2328
2615
2197
4804
5370
1470
4190
2333
10681
7122
6603
7199
4027
5458
6704
1794
8863
6533
936
10315
4339
9265
2583
3152
8605
3786
3869
4458
8837
2929
10597
2225
6640
3395
8346
4537
7231
9975
10633
4335
5494
9308
1547
7876
2185
1611
6430
5881
9392
8570
2014
3553
6557
7385
10603
7101
9167
434
7862
1591
1422
3804
6677
5862
6428
5713
9819
10594
4123
6072
184
3143
2515
8175
8882
5351
8967
2626
9982
3355
8243
8610
8925
10167
5743
185
6352
523
3409
8091
3390
9522
1038
2138
7438
3160
439
4535
4299
2892
3162
3442
5820
3435
5582
9713
10035
603
10480
393
2976
8707
7871
10410
10018
9534
6402
8059
7779
1013
10680
10628
1798
6832
141
10896
686
2994
173
1923
9525
10969
1116
5532
3652
9093
3737
9409
4387
175
2028
38
8241
1920
2408
9586
5241
4288
2348
4973
1111
7810
8930
8309
747
4418
8060
8558
6817
6574
870
5166
9297
3578
947
9667
6264
131
1860
3267
1474
218
3092
5070
8710
4571
6266
171
10855
8461
4213
3431
1448
7945
11087
4587
1017
2062
3766
7273
665
5203
6468
6962
8968
3353
9692
847
10663
4827
3827
4447
6147
1544
6695
1905
7322
8716
2755
8830
9102
4841
10127
2618
11019
1338
2145
4727
10650
277
2523
4119
6874
3668
681
5489
803
10432
6676
7586
2720
1239
823
110
5182
8066
4237
995
836
1312
1806
6207
8919
722
4530
2669
3122
4842
2817
2140
5060
4033
4084
9340
7314
9533
1344
9088
9516
2559
1952
8994
9672
10231
10337
10732
4683
850
5858
7662
1356
2195
7959
9477
1859
9824
618
6231
7985
7830
10203
6739
9904
6970
10890
9076
5922
5141
4375
7951
8899
4932
9492
3085
6133
489
126
9140
10341
8433
1414
10353
5455
10971
1953
6575
483
11048
5234
465
10422
300
6694
2616
4576
8806
7498
3715
4590
6619
10591
1606
10340
3347
6977
6982
6197
5002
422
3382
380
6421
9120
3307
5139
7593
724
3808
2783
1349
8268
6504
6397
9294
11099
2489
6663
339
5940
2485
6205
4532
7071
10730
8321
1432
4924
9144
6075
6019
4934
6453
8016
1415
10070
2997
6771
2281
9320
7348
9128
901
3543
8265
5596
3257
7341
6206
266
1685
2781
4090
4233
10376
6326
10317
4856
4941
8922
5796
5626
6803
7783
1441
5930
9965
7183
9599
1455
10965
9540
1203
10794
1291
9434
6457
6886
1122
7935
810
1600
6234
2020
2287
10850
6795
7792
2303
11015
10612
242
6783
7541
5173
5704
5920
1525
1163
3224
9050
1636
1078
5075
2221
3283
7672
10451
1466
4572
7256
2133
5514
8886
3216
10072
5412
491
7141
3916
7398
1628
7825
566
8103
9646
1107
9943
8679
10925
2071
400
4615
3956
8162
49
5354
5861
993
5227
4235
7671
3519
10440
6535
5676
4186
10370
8926
1872
6459
3874
7271
9728
3149
8177
563
2520
3207
9868
6911
353
623
7756
449
559
2782
4180
2438
4188
5636
5850
9355
10434
4638
6238
2181
7073
4139
8975
6000
2584
7319
807
5967
9566
2168
8082
8669
9681
1982
4131
6646
5453
8646
8992
9032
4628
8552
4670
6820
8217
570
5130
4486
1148
7477
7845
2033
6367
9425
10554
4742
6454
7853
5362
9129
4481
8972
10132
1326
8316
6180
6130
7131
6155
5634
3225
5391
2880
9532
9521
9135
5042
2685
6086
4053
3621
9268
7295
7411
3370
4365
9608
5693
10958
5209
9656
3009
5059
10652
3393
3136
1295
1486
8991
2302
6633
4023
7085
1812
10060
2367
6161
9613
7185
8001
2382
7345
1433
3951
8955
8871
645
3
3310
8626
5057
2628
5306
11105
5611
7961
2588
2676
3308
3797
10885
6058
2665
7117
9480
8125
8673
3895
103
764
2897
8385
1711
3846
3904
6345
10962
1635
8196
8379
2623
6793
10022
5564
8729
3077
6466
4627
6972
9772
2286
10054
1263
984
4315
7581
7265
7885
4953
1002
1934
3596
9845
2331
10754
8748
1005
4838
3007
10640
213
7505
1665
2212
3765
6267
3674
9928
10250
435
4649
10860
6846
6915
2179
9595
2838
6040
4926
2013
828
9368
9864
7858
3303
9147
4897
797
8560
8161
100
3277
8536
7927
10290
3128
3026
8974
7900
7174
5730
10905
9810
7731
3627
3755
3728
7218
8255
68
2989
6675
9243
7658
9451
8903
4052
2264
7095
8551
8156
10253
3876
9753
9369
4037
402
6772
183
1921
4843
7127
4146
9166
3592
6298
3911
6974
5818
9487
754
4282
10377
9621
1769
2872
3989
10175
10817
9639
4136
9715
5183
3273
528
2786
9255
9496
1647
7144
11089
9455
1502
6781
9977
6213
7761
2107
2074
3470
2602
1442
37
1543
6658
2894
10433
4113
1272
3231
3705
1048
5235
1943
5420
5577
455
7431
2163
7867
5287
7984
8704
8798
11081
5744
99
620
3962
1052
1726
1104
163
2750
8240
9499
10575
10071
8252
8996
1314
6334
189
1928
11091
8845
6598
4289
3498
10668
10405
6476
8077
9465
7382
1782
9544
5864
832
2811
6312
10162
2568
8878
4416
5854
8945
7804
9380
748
9146
396
3441
1718
4016
9912
6340
10016
10441
4942
1529
648
4645
8964
8976
8401
1917
4472
7753
4584
1210
9872
4108
646
8192
4348
2647
1142
601
10224
711
3066
2698
2622
1771
1113
3879
2657
6187
5114
4990
9362
5190
8179
667
1777
10763
9172
1479
1501
6091
3601
7892
4878
831
2766
5402
1377
2850
4802
5894
7909
10426
3751
1484
6730
7911
3362
10750
575
1978
5178
5946
8866
6274
6339
8279
226
4768
10279
10321
7198
7669
9143
2052
5386
2305
2900
9735
1509
814
8416
3653
5342
6546
4302
1490
2970
5671
5899
7387
7819
9065
2816
9837
5405
5607
2335
2340
4310
5971
5617
11044
5912
8591
6542
3618
4910
990
6804
1786
320
4430
6172
1570
4504
2326
9768
2969
2103
10852
8446
23
6638
703
3915
10945
10664
6611
9225
5286
9109
9299
8201
216
1317
7371
2812
2587
2834
970
3181
5488
8211
11024
8962
7223
2538
10190
8656
8832
657
6273
10592
3247
7200
2935
4795
10205
4673
5530
10265
5378
8058
4
8658
10076
6438
5381
767
3589
5563
7323
6839
6498
5067
1330
2571
1268
3237
10474
2966
9636
6556
7661
3945
6884
2469
2487
4439
6460
10104
6538
5308
4593
2863
5000
3288
8424
2833
7928
9942
10876
10302
7740
885
9999
3887
5719
1380
4264
2825
5529
4735
8293
2556
10990
6724
1895
5540
9030
4684
5809
7798
1731
1844
1973
6328
4513
9741
9919
11078
447
9260
4864
2732
6996
9497
78
8236
8772
9816
8697
10261
10837
10493
502
1537
1683
2739
5840
5987
1033
7533
3590
3908
9069
4561
3767
8599
10245
231
3305
8503
5812
962
3110
725
5445
5637
8185
8739
9329
6678
9020
6844
6673
8437
5014
10982
2988
1911
5052
7916
6169
9994
811
5375
5491
3454
8590
7993
5140
3927
10487
3302
1572
4278
3744
28
2992
10704
8792
2696
9022
6079
2155
9435
10023
3753
4708
10513
7877
6434
7274
9003
5222
7529
6878
3562
5551
2824
7286
7551
8180
8543
1271
7664
10684
3614
9483
4134
1699
4871
2304
9875
1804
7098
4911
9588
1679
9546
3644
323
3795
5542
2143
5538
7446
1729
10112
3208
4423
4720
5322
8288
9910
3204
1994
4249
9426
2592
9507
2011
3179
3560
3734
7054
549
5560
1535
9823
274
7663
11000
2141
7260
9111
2223
9853
9738
2847
4965
5880
5657
6554
6681
1252
1851
3487
4963
6697
7887
10871
560
7436
8451
430
3148
2432
7573
10338
2040
10560
8894
5302
6813
2375
3637
5746
9505
4001
6992
9351
2681
3426
9293
10903
5554
615
2263
2852
9755
1378
9415
10639
1666
2993
9054
6493
7728
7875
9196
8638
1703
5407
9920
2836
193
9954
1640
1061
8869
9224
3494
2446
10760
1011
6395
4442
8910
8022
5037
7688
9675
821
4904
816
4991
7400
5045
7430
4004
9236
2871
500
2694
10032
10613
3868
7655
6003
3649
3706
865
4400
3972
4301
3506
3460
511
955
3021
3190
3784
2088
3740
9074
4621
10375
10438
2477
2101
2409
7316
347
1355
2827
6506
1286
10363
886
2271
569
4360
4733
8588
7381
10304
9464
6483
9108
5401
3478
4404
7910
1086
3727
3782
6113
1053
5709
4205
547
4935
4329
3070
10103
9226
10283
9219
9554
499
7578
10994
7553
551
7146
11025
1927
2259
2398
7099
6727
7979
10391
2016
7082
10741
2081
5204
6990
71
5972
3999
93
9413
5145
10000
3135
2888
7842
9897
3397
5479
6296
2211
9809
1037
4217
8084
1819
730
4775
7360
3032
732
187
6337
10842
2957
338
7254
7834
861
9208
89
979
2891
4421
5250
9776
7058
11058
234
5775
1332
10641
8124
5760
7675
1785
9890
3079
8941
2631
10390
3961
1564
1238
6354
9122
10133
4425
2603
6011
3710
8408
680
4693
8250
6952
4041
1024
9661
1371
9395
7204
3124
951
8018
7749
7883
10093
8944
1301
319
2018
2192
6446
2614
3386
9635
3829
6141
3037
6322
8954
7038
6037
5546
2275
3376
4985
8939
321
4969
8282
147
8183
6818
1604
7532
397
2289
6170
3298
4817
8012
4346
10735
3475
1519
7309
1424
3685
8345
7628
8783
8112
4913
2402
4314
4867
4170
4998
6875
6838
8717
244
8751
2953
8531
6263
1473
10561
10207
5148
6732
5947
2393
9874
4363
5618
9123
1237
573
514
113
1281
9564
10447
5844
9148
4994
7552
4933
4308
4642
1293
2895
2536
2297
2797
9888
4336
4419
6500
3986
6955
7133
9549
10460
4919
4124
1139
989
2753
9963
7389
8233
4094
7914
4962
5331
7081
7362
10771
3024
7987
2419
3935
579
6077
2971
5282
7448
5838
5009
6579
3966
11108
3574
6217
854
3268
1725
9557
7258
6934
2159
1810
4660
10298
5097
5998
7949
4448
5609
7623
948
5327
7751
6114
8617
8377
9800
4542
2313
6522
3106
7076
132
10737
4700
7543
5454
8475
7143
6065
6490
10788
4072
2796
6480
582
1937
3479
6728
349
1202
5660
10602
3594
1885
6841
4632
7313
4194
7175
2793
383
8634
4326
5298
3777
6078
6653
4078
6531
4736
6135
5745
5469
5461
155
2758
4211
4837
9322
2166
5343
8891
414
9432
3930
7390
8666
3432
3960
2482
9802
6257
6347
4999
4065
5558
8701
3250
3969
10004
7659
8884
8420
5346
9673
2175
9454
10485
5270
7060
10158
6104
863
3810
6857
3262
9839
2115
9404
4144
5106
6005
10967
10208
3500
7451
8467
3814
4435
4555
5275
8442
337
8784
10853
10887
1592
1435
5695
4952
5802
10996
7609
2675
1262
7619
6342
4667
6942
2700
7342
10412
4049
5763
1072
3754
3863
325
9361
9877
2341
284
140
1855
4305
10436
10913
3134
664
1959
3976
2861
1833
1066
1310
1003
10672
10309
3552
1421
7957
2217
3322
1369
335
7727
361
554
6327
9668
9470
8206
741
11084
5668
10471
4502
1503
2208
8779
10692
1277
4381
9482
10909
2481
905
3857
10812
5137
3919
9155
5247
867
4609
2937
7391
1776
5502
3278
1623
1829
9060
9363
1694
7229
4174
8519
412
980
7508
9160
1888
11062
7036
410
1540
8502
9057
5806
5413
9374
4317
7648
3220
9907
10616
1266
5268
1376
2194
10478
1787
6534
3703
8557
3667
7840
8090
8479
6848
4244
6935
1374
9094
4814
4511
10992
9098
9291
3241
5284
4312
6042
2330
7105
7279
10477
1922
424
6607
445
278
10301
4398
9041
3145
10987
2948
4522
10608
2575
5553
4063
5674
4002
4815
2924
6052
3428
7217
775
9729
7497
498
10600
5170
7813
2338
4107
6126
8516
6718
2437
4089
634
3172
9829
8604
6512
9606
3954
5576
7895
9558
9677
2177
9941
4460
1743
3372
8064
10495
3142
487
9601
1830
6496
2253
1760
540
866
8754
7771
4164
1738
8213
5481
8167
674
2931
8575
922
6053
10546
6363
3398
3660
10882
56
2604
9805
796
6917
9517
6167
9381
10271
8665
7042
8857
4159
7110
9420
6964
10907
4789
8593
6950
1399
6559
3443
4393
7750
5510
8898
2737
3489
9688
1747
3845
8787
9124
5750
4085
8055
6423
9929
8384
205
2290
5543
7327
6473
9589
10977
7459
1690
720
8834
6967
4849
8009
7539
3505
1212
11064
2247
2246
10407
7177
544
10024
8087
3266
1020
2344
10320
967
4394
10679
5226
8431
1128
5389
5181
7968
9674
6729
4575
9989
9437
4272
781
3615
5080
4589
880
10128
2539
7833
26
728
6178
1329
1706
8355
8045
5767
1016
1289
9469
7228
8061
3575
7475
6539
6269
9650
280
8883
2339
10030
2595
6924
7182
8423
972
6858
3823
5925
3801
7463
177
723
1680
3269
9959
5272
5773
2857
3862
6479
8404
8063
8134
8076
8116
8844
9658
1933
7960
1468
9814
7302
5208
497
10147
3127
1076
4512
1206
1388
4187
2173
9527
2423
3654
7700
10345
6361
8706
10051
413
9092
6310
9217
452
1480
9346
5938
7577
6093
524
3941
4706
6407
8995
3078
10274
860
9514
8639
7169
369
5483
2995
10013
7637
119
639
1282
4479
6245
9406
9859
6140
9706
7292
2466
4234
1398
9325
10593
470
10512
8936
584
9031
3853
6759
10770
6985
1733
7585
6455
6244
276
9387
7622
8562
3141
3539
9585
2096
344
6668
9178
4877
4905
8719
4773
2266
4716
8432
1143
3735
66
10533
6642
1215
4737
6980
7486
95
2237
8611
441
8759
9671
4844
856
1229
7333
7355
2121
9966
6837
8393
10026
476
1234
1575
3477
3997
4238
8047
2311
3616
2843
3688
3745
4092
5764
608
91
5244
2822
4283
1531
4652
1322
4216
4509
8872
3245
7589
1488
689
1991
1101
1453
889
6370
10541
10211
11033
4160
459
1256
2075
10742
10595
1601
2147
1493
5527
1258
7767
8805
4155
2470
7791
8789
812
7321
1339
1074
5151
7289
1189
7168
7963
2332
5650
2502
6285
10028
10634
2719
8980
11093
1366
10468
8775
10755
9285
6182
4883
8068
4793
4510
4777
9292
181
3773
5012
8418
2353
7000
1494
2642
6380
8761
1028
7069
3233
8380
3234
8641
2819
7679
7859
7456
10014
5313
7121
6348
11051
2301
1007
5876
9012
1630
8918
5487
4489
9013
7550
80
690
11018
7922
8331
10357
11067
2095
6553
302
611
5122
2829
3526
9931
3794
382
924
878
3540
8462
6710
3651
2936
8598
3014
5619
7596
9896
1051
5975
7080
10294
557
5534
8021
1319
9620
3694
9137
1689
427
4544
4547
2359
4149
8960
6979
9207
10107
8447
659
6134
3881
10655
2661
7587
2250
8352
9466
10857
1945
3504
1803
10505
2027
5592
9785
8050
306
4095
4214
1496
1184
7023
10940
2389
2371
4637
9048
10006
8218
7644
115
3620
5509
3230
10520
5230
5906
3264
3963
4672
8861
7725
9010
8932
224
10185
2644
935
7564
7588
7683
2729
1193
6102
1413
5755
10915
10611
299
4810
10295
6387
6587
10373
9114
7950
4778
2959
4048
6392
1157
5758
8550
10115
7467
3839
8942
4318
9418
1347
7554
5638
7310
918
7149
3452
4279
5329
9652
6389
7050
10796
7443
10406
10921
3373
7837
777
1223
10973
7535
8151
1752
1287
5860
10421
129
7972
1520
1538
643
10227
3912
8718
5448
6049
3925
8142
10555
2596
6777
7192
564
9086
9778
4624
8471
1231
5068
1299
10310
7989
7479
8071
106
1990
1054
5419
10609
572
677
2879
4754
10666
9035
6755
2392
9159
9655
6797
10120
6198
1428
8176
6968
3474
7113
8895
10690
2883
4145
6502
374
9474
6914
10149
731
10997
352
7238
6051
525
9561
3932
1843
7308
4528
5903
7958
7687
10643
1878
111
9242
6199
10461
4446
10082
7009
1071
7627
4130
10105
2252
712
8271
7729
10601
2930
7723
5901
2981
1345
4626
3669
10711
9632
10571
2204
5239
6039
7689
10494
5771
317
1211
7713
4689
5186
7241
9900
1144
2493
6564
7555
10472
5497
7953
3327
3363
5988
8821
5952
8797
5828
1949
127
2269
9443
8105
9261
1876
4930
6514
1131
9165
788
8852
6731
5902
11073
2054
6018
9702
3063
6947
5846
6467
5525
9133
4177
8971
949
5033
2787
1350
1296
9820
9843
5871
5212
4355
2118
4453
5887
3200
9662
2048
6414
6325
10002
3743
245
7699
2464
2984
6211
8616
3003
10803
1608
8199
8608
1469
5316
8858
10957
9539
2908
3672
8276
6540
230
8086
4711
5325
7711
4651
7891
11030
6987
7300
7297
5318
10289
6383
5897
10240
1096
9263
3482
7824
8400
537
10069
10701
10430
4111
9121
10378
281
4133
3909
4230
3847
9947
10239
85
4287
11083
275
7632
496
717
5712
3328
3623
8615
7392
10751
11060
9296
1652
734
3856
6871
10596
10210
3228
3279
3659
1594
1129
1368
1744
5985
1693
4767
10685
9161
1397
10229
7880
4226
2150
6230
4529
3493
4484
5981
2607
3980
952
10790
4043
2717
1557
1019
702
233
10676
4386
10622
4457
6866
10516
11034
11016
1607
9052
1715
4428
4499
5600
10499
3607
3025
3483
10319
3101
8736
6573
2262
3742
10110
6931
4970
5768
3871
8127
7496
7063
817
250
10582
7202
7634
10904
5142
2462
2084
5171
3456
6222
8100
3023
3137
8549
6507
10833
10951
7160
9251
3704
2280
8893
3992
9765
6376
1908
5811
6432
