180
569
855
574
827
406
705
416
106
511
227
36
519
407
130
8
543
146
605
332
269
84
458
237
702
510
24
377
694
363
804
1
362
639
887
324
129
622
604
434
896
345
493
67
92
718
894
668
865
213
69
218
457
161
798
601
651
784
521
832
381
698
808
486
809
334
340
268
583
214
700
833
479
400
103
35
222
725
553
346
693
653
173
369
372
452
43
776
27
597
747
617
402
629
472
91
420
34
547
315
614
389
398
848
25
373
115
348
580
869
80
659
649
183
408
295
765
811
710
386
366
868
412
667
357
368
764
687
7
726
328
184
383
196
564
76
162
137
155
680
669
206
503
781
149
390
207
73
608
514
118
108
359
721
498
172
399
289
652
529
465
32
570
177
448
657
507
62
875
86
790
850
852
647
21
439
228
777
220
374
772
2
633
506
577
535
588
794
603
536
6
216
839
141
882
358
508
134
419
528
234
748
859
559
235
13
576
573
221
39
509
274
642
471
325
131
616
217
480
243
546
140
242
485
847
53
662
526
641
786
835
728
15
192
516
672
876
504
397
415
712
899
540
828
450
692
236
249
331
265
478
156
867
0
462
417
318
602
116
367
79
645
787
591
190
819
717
846
737
314
482
849
3
727
277
33
656
724
322
72
795
278
860
557
391
606
423
760
766
275
842
202
47
501
321
10
706
889
444
473
422
353
203
166
684
378
695
704
612
188
252
619
256
468
644
338
740
409
697
144
719
741
11
873
800
122
438
167
387
857
126
16
48
89
414
138
215
421
689
68
323
489
691
782
688
244
544
139
596
660
563
77
341
826
170
584
304
891
624
100
791
545
502
792
821
773
897
326
484
886
263
745
539
94
54
844
735
246
774
632
757
481
266
287
270
767
245
881
716
674
132
361
291
339
258
201
179
623
128
533
877
793
495
200
20
300
44
466
371
219
426
625
650
796
18
634
822
119
9
558
628
806
750
723
730
731
273
303
307
294
405
739
443
101
385
380
743
437
384
395
797
272
802
176
878
841
883
805
713
783
470
143
279
836
592
427
66
666
890
142
671
488
496
330
52
733
382
302
709
562
55
50
404
513
379
752
311
429
884
463
327
259
135
820
445
699
57
823
238
621
102
449
714
599
342
898
393
191
520
497
186
676
431
579
58
60
746
51
525
655
799
280
64
347
205
817
572
736
413
620
264
394
556
613
541
336
771
124
181
283
317
229
14
759
812
95
518
840
581
455
262
93
351
711
636
640
320
522
290
298
853
753
701
257
160
487
17
807
683
169
768
578
830
99
677
586
26
224
239
260
837
607
550
670
531
388
661
251
885
150
789
585
843
643
552
469
542
182
5
770
537
178
329
31
425
845
566
197
308
250
549
505
411
517
78
370
761
483
560
75
344
565
286
49
825
447
147
276
71
654
392
297
551
461
681
440
658
375
515
83
494
854
430
870
211
665
464
288
210
37
762
763
755
70
673
587
127
476
153
679
433
299
631
754
45
785
436
337
356
598
758
708
685
117
40
778
145
453
168
834
19
749
343
742
254
872
208
491
285
618
109
151
305
107
527
474
230
818
164
418
611
333
589
696
703
38
775
816
209
113
866
365
682
428
575
442
851
296
500
751
635
240
595
892
85
594
571
22
861
593
715
104
199
175
738
61
824
524
284
313
136
212
194
801
163
893
165
159
248
306
582
627
663
349
309
534
56
310
567
198
637
30
81
734
530
364
28
282
451
90
121
316
281
65
133
312
410
4
110
403
838
233
401
396
490
788
123
204
858
454
895
561
152
864
87
46
648
756
475
424
354
554
871
97
174
678
690
319
555
232
600
112
548
590
610
253
271
226
352
154
23
185
96
120
863
626
456
63
856
888
686
267
815
664
148
779
225
74
42
538
831
441
732
292
675
355
460
255
158
171
459
512
720
111
59
477
446
187
29
780
568
707
874
814
532
769
125
879
301
810
803
862
195
98
88
105
813
467
12
335
523
744
499
432
376
293
492
114
350
729
261
241
609
157
360
247
646
435
880
189
193
829
231
722
41
630
223
82
638
615
